username;date;retweets;favorites;text;geo;mentions;hashtags;id;permalink
TradersCom;2016-12-11 23:51;2;2;"Big #oil news pop #CL_F up $3 on #OPEC deal & #Tillerson $ XOM news Great night for #texas #TCOIL @heidstertrades http:// traderscommunity.com/forum/index.ph p?topic=969.msg5868#msg5868 … pic.twitter.com/Ih7M7k00wp";;@heidstertrades;#oil #CL_F #OPEC #Tillerson #texas #TCOIL #msg5868;"808096890059427840";https://twitter.com/TradersCom/status/808096890059427840
optioncharts;2016-12-11 23:50;0;0;"$ XOM Max Pain = 87.50. Maturity = 12/16/2016. Previous close = 89.00. http:// bit.ly/2gNeb8U pic.twitter.com/2S71yfo4KG";;;;"808096595036160001";https://twitter.com/optioncharts/status/808096595036160001
big7x7;2016-12-11 23:41;0;0;"This OIL news and Sec of State $ XOM should be nice too.";;;;"808094501004857344";https://twitter.com/big7x7/status/808094501004857344
tickerville;2016-12-11 23:39;1;2;"5% /CL should bode well for $ MTDR , $ FANG , $ XOM I'm ready for Monday! Long all";;;;"808093979627679744";https://twitter.com/tickerville/status/808093979627679744
NewsToDesk;2016-12-11 23:36;0;0;"$ XOM : Senators Balk at Tillerson Over Putin Before He’s Nominated: http://www. StockNewsWires.com/2016/12/11/xom -senators-balk-at-tillerson-over-putin-before-hes-nominated/ …";;;;"808093028053352449";https://twitter.com/NewsToDesk/status/808093028053352449
Quarry_Rock;2016-12-11 23:28;1;1;"Oil to find $60 by year end really isnt that outrageous a comment... $ XOM $ CVX seem like nice stocking stuffers....";;;;"808091155049152512";https://twitter.com/Quarry_Rock/status/808091155049152512
caetuscap;2016-12-11 23:16;0;0;"T-Rex + Rick Perry rally. $ XOM";;;;"808088038807060483";https://twitter.com/caetuscap/status/808088038807060483
PortfolioBuzz;2016-12-11 23:13;0;0;"Track trending assets in 1 watchlist #fintech $Blockchain $ EURUSD $ XOM http://www. cityfalcon.com/watchlists?ass ets=%23fintech,$Blockchain,$EURUSD,$XOM … pic.twitter.com/huVA6HdZ4Z";;;#fintech;"808087432679878656";https://twitter.com/PortfolioBuzz/status/808087432679878656
JohnConstintine;2016-12-11 23:09;0;0;"$ ES_F $ CL_F $150 #OIL next $ XOM in Charge http:// stocktwits.com/CPCharts/messa ge/69100868 …";;;#OIL;"808086332069257216";https://twitter.com/JohnConstintine/status/808086332069257216
ryanwallace198;2016-12-11 23:01;2;2;"@petenajarian GIDDY UP Monday on that $ XOM ! Ya buddy! https://www. bloomberg.com/news/articles/ 2016-12-10/non-opec-joins-opec-in-first-global-oil-output-cuts-in-15-years …";;@petenajarian;;"808084393483005953";https://twitter.com/ryanwallace198/status/808084393483005953
PortfolioBuzz;2016-12-11 22:50;0;0;"Tickers trending on TWTR in last 1 hour #fintech $Blockchain $ XOM http://www. cityfalcon.com/watchlists?ass ets=%23fintech,$Blockchain,$XOM … pic.twitter.com/t1fpOFXin7";;;#fintech;"808081443477999616";https://twitter.com/PortfolioBuzz/status/808081443477999616
1MinuteStock;2016-12-11 22:49;0;0;"Do you know that #Book Value for $ XOM is $41.14 https:// unicornbay.com/t/XOM.US?utm_m edium=tweet&utm_campaign=bookvalue&utm_source=twitter …";;;#Book;"808081185012383744";https://twitter.com/1MinuteStock/status/808081185012383744
androsForm;2016-12-11 22:41;22;4;"$ SPY $ DIA $ XOM $ NG_F $ LABU Official Trading Song For The Week https:// youtu.be/74TFS8r_SMI @BallinOut @NFRRARI @nastynate1 @TanMan295 @NV_Trader";;@BallinOut @NFRRARI @nastynate1 @TanMan295 @NV_Trader;;"808079216411557894";https://twitter.com/androsForm/status/808079216411557894
dailypoliticaln;2016-12-11 22:21;0;0;"Exxon Mobil Corp. $ XOM Shares Bought by Hilton Capital Management LLC http:// ift.tt/2hdVFta";;;;"808074238779396098";https://twitter.com/dailypoliticaln/status/808074238779396098
dailypoliticaln;2016-12-11 22:20;0;0;"Exxon Mobil Corp. $ XOM Shares Bought by Hilton Capital Management LLC http://www. dailypolitical.com/?p=849852";;;;"808073943148064770";https://twitter.com/dailypoliticaln/status/808073943148064770
Don_Homer;2016-12-11 22:08;0;2;"Growth as a supermajor is basically impossible. But $ XOM has played their hand far better than the competition.";;;;"808070904437735424";https://twitter.com/Don_Homer/status/808070904437735424
Don_Homer;2016-12-11 22:06;0;1;"$ XOM is overvalued but you can’t blame management for that. Excellent operational performance, premier megaproject developer.";;;;"808070477486977025";https://twitter.com/Don_Homer/status/808070477486977025
GUMBY9662C;2016-12-11 21:53;0;0;"$ XOM with the OPEC agreement and passage of new legislation in Canada this weekend, things looking good for US oil. pic.twitter.com/nouxSd5ZTh";;;;"808067140666478596";https://twitter.com/GUMBY9662C/status/808067140666478596
realwillmeade;2016-12-11 21:34;1;6;"Just received $ GS Goldman's New Options Report from a grad school friend who is a partner at Goldman Very Interesting! $ NFLX $ FB $ NVDA $ XOM";;;;"808062530946035712";https://twitter.com/realwillmeade/status/808062530946035712
MattEganCNN;2016-12-11 21:17;1;0;"Close ties with #Russia helped get Rex Tillerson the top job at @exxonmobil http:// money.cnn.com/2016/12/11/inv esting/rex-tillerson-exxon-russia-putin/index.html … $ XOM with @juliakhorowitz + @chrisidore";;@exxonmobil @juliakhorowitz @chrisidore;#Russia;"808058116457791490";https://twitter.com/MattEganCNN/status/808058116457791490
walktothecabin;2016-12-11 21:09;0;4;"$ XOM - Exxon Mobil, just above major moving averages, no near-term resistance, looks good to me pic.twitter.com/7oFTfwzAyY";;;;"808056137652334597";https://twitter.com/walktothecabin/status/808056137652334597
SleekMoneycom;2016-12-11 21:08;0;0;"Exxon Mobil Corp. $ XOM Stake Cut by Capital Management Corp VA http:// ift.tt/2hsz9xF";;;;"808055978667155459";https://twitter.com/SleekMoneycom/status/808055978667155459
TailwindsRsrch;2016-12-11 20:56;0;0;"Tailwinds newsletter! Profiting from higher #oil . #permian $ ESTE $ RSPP $ REI $ CWEI $ CRZO $ FANG $ XOM $ CHV http:// tailwindsresearch.com/2016/12/the-be st-way-to-play-higher-oil-prices/ …";;;#oil #permian;"808052821320822784";https://twitter.com/TailwindsRsrch/status/808052821320822784
DanCarlson33;2016-12-11 20:53;0;0;"Tailwinds newsletter! How to profit from higher #oil . #permian $ ESTE $ RSPP $ REI $ CWEI $ CRZO $ FANG $ OAS $ XOM $ CHV http:// tailwindsresearch.com/2016/12/the-be st-way-to-play-higher-oil-prices/ …";;;#oil #permian;"808052081886052352";https://twitter.com/DanCarlson33/status/808052081886052352
TV_TradingIdeas;2016-12-11 20:45;0;1;"Exxon Mobile Long $ XOM http://www. tradingview.com/chart/XOM/jYDY t2Qn-Exxon-Mobile-Long/ …";;;;"808050162861887489";https://twitter.com/TV_TradingIdeas/status/808050162861887489
PortfolioBuzz;2016-12-11 20:45;0;0;"Highest scoring stories for #SP500 under one watchlist $ AAPL $ WFC $ XOM http://www. cityfalcon.com/watchlists?nam e=S%26P%20500%20Tracker … > pic.twitter.com/MuzvIzlIyJ";;;#SP500;"808050079789707265";https://twitter.com/PortfolioBuzz/status/808050079789707265
androsForm;2016-12-11 20:36;26;4;"$ CL_F while bullish for $ XOM and $ RSX true two trump cabinet leaders mean more supply theoretically";;;;"808047730174160896";https://twitter.com/androsForm/status/808047730174160896
scribandotcom;2016-12-11 20:35;0;0;"Rex lost $1B+ for $ XOM b/c he made deals w/an international pariah state, & saw credit rating downgraded for first time since the 30s https:// twitter.com/realDonaldTrum p/status/807970490635743237 …";;;;"808047567275573248";https://twitter.com/scribandotcom/status/808047567275573248
finzine;2016-12-11 20:07;0;0;"$ XOM Tillerson choice raises questions of corporate vs national interest http:// finance.yahoo.com/news/tillerson -choice-raises-questions-corporate-195653675.html …";;;;"808040626965147649";https://twitter.com/finzine/status/808040626965147649
optioncharts;2016-12-11 19:55;0;0;"$ XOM maturity 12/16/2016 Vol PutCallRatio of 1.69 puts=16,447 calls=9,728 . http:// bit.ly/2gOBmj5 pic.twitter.com/9ocDsf6W1C";;;;"808037462631010304";https://twitter.com/optioncharts/status/808037462631010304
GemsBot;2016-12-11 19:43;0;0;"Commented on StockTwits: 5 of 5 $ UNH $ UTX $ V $ VZ $ WMT $ XOM and install them o... http:// stocktwits.com/GemsBot/messag e/69095292#69095374 … pic.twitter.com/UYW05QF26B";;;#69095374;"808034458481938433";https://twitter.com/GemsBot/status/808034458481938433
IvanaBoastsky;2016-12-11 19:26;0;1;"http:// bigcharts.marketwatch.com/advchart/frame s/frames.asp?show=&insttype=Stock&symb=XOM&time=19&startdate=1%2F4%2F1999&enddate=12%2F11%2F2016&freq=1&compidx=XOI&comptemptext=COP%2C+CVX&comp=COP%2C+CVX&ma=0&maval=9&uf=0&lf=1&lf2=512&lf3=0&type=2&style=320&size=2&x=49&y=12&timeFrameToggle=false&compareToToggle=false&indicatorsToggle=false&chartStyleToggle=false&state=14 … Rex's $ XOM YTD.";;;;"808030160691732480";https://twitter.com/IvanaBoastsky/status/808030160691732480
StockSwipe;2016-12-11 19:22;2;4;"Trade Ideas — $ AET , $ FLO , $ WYNN , $ GT , $ BP , $ XOM #TradeIdeas #StockSwipe https:// medium.com/stockswipe-tra de-ideas/trade-ideas-aet-flo-wynn-gt-bp-xom-85d3c563756d#.dtg66twvk …";;;#TradeIdeas #StockSwipe #;"808029323928240133";https://twitter.com/StockSwipe/status/808029323928240133
PortfolioBuzz;2016-12-11 19:10;0;0;"Gain from movement in these buzzing assets #fintech $ AAPL $Blockchain $ USDYEN $ XOM http://www. cityfalcon.com/watchlists?ass ets=%23fintech,$AAPL,$Blockchain,$USDYEN,$XOM … pic.twitter.com/Jn8swl3Ziu";;;#fintech;"808026114715217920";https://twitter.com/PortfolioBuzz/status/808026114715217920
nycwildlife;2016-12-11 18:52;0;0;"Did Tillerson object to sanctions on #Russia stemming from their invasion in Ukraine? $ XOM";;;#Russia;"808021768392810496";https://twitter.com/nycwildlife/status/808021768392810496
integrated_og;2016-12-11 18:50;0;0;"#ExxonMobil Critics Ask if Tillerson Can Turn From Corporate to National Interest. Read more: http:// owler.us/abWxnB $ XOM";;;#ExxonMobil;"808021068774391808";https://twitter.com/integrated_og/status/808021068774391808
gas_utilities;2016-12-11 18:50;0;0;"#ExxonMobil Critics Ask if Tillerson Can Turn From Corporate to National Interest. Read more: http:// owler.us/abWxnF $ XOM";;;#ExxonMobil;"808021068757618688";https://twitter.com/gas_utilities/status/808021068757618688
oilgas_refmktg;2016-12-11 18:50;0;0;"#ExxonMobil Critics Ask if Tillerson Can Turn From Corporate to National Interest. Read more: http:// owler.us/abWxnp $ XOM";;;#ExxonMobil;"808021068732502016";https://twitter.com/oilgas_refmktg/status/808021068732502016
nycwildlife;2016-12-11 18:45;0;0;"Did Tillerson object to sanctions on #Russia stemming from their invasion in Ukraine? $ XOM";;;#Russia;"808019868738002944";https://twitter.com/nycwildlife/status/808019868738002944
PortfolioBuzz;2016-12-11 18:35;0;0;"Track trending assets in 1 watchlist #fintech $Blockchain $ XOM http://www. cityfalcon.com/watchlists?ass ets=%23fintech,$Blockchain,$XOM … pic.twitter.com/VAar8Uk4t5";;;#fintech;"808017431193145344";https://twitter.com/PortfolioBuzz/status/808017431193145344
PortfolioBuzz;2016-12-11 18:16;0;0;"Tickers trending on TWTR in last 1 hour #fintech $Blockchain $ XOM http://www. cityfalcon.com/watchlists?ass ets=%23fintech,$Blockchain,$XOM … pic.twitter.com/AoNmMGSdxc";;;#fintech;"808012715931340800";https://twitter.com/PortfolioBuzz/status/808012715931340800
PortfolioBuzz;2016-12-11 18:01;0;0;"Gain from movement in these buzzing assets #fintech $Blockchain $ XOM http://www. cityfalcon.com/watchlists?ass ets=%23fintech,$Blockchain,$XOM … pic.twitter.com/86XqUT8qbh";;;#fintech;"808008911374745601";https://twitter.com/PortfolioBuzz/status/808008911374745601
PortfolioBuzz;2016-12-11 17:44;0;0;"These assets are seeing a jump in tweets #fintech $Blockchain $ EURUSD $ XOM http://www. cityfalcon.com/watchlists?ass ets=%23fintech,$Blockchain,$EURUSD,$XOM … pic.twitter.com/zTTrZNPsYq";;;#fintech;"808004483569643520";https://twitter.com/PortfolioBuzz/status/808004483569643520
deeeebers17;2016-12-11 17:30;0;0;"and re: Russian sanctions-- Rex has fiduciary responsibility to $ XOM shareholders. Bad for biz";;;;"808000996802785280";https://twitter.com/deeeebers17/status/808000996802785280
PortfolioBuzz;2016-12-11 17:28;0;0;"Tickers trending on TWTR in last 1 hour #fintech $Blockchain $ PNC $ XOM http://www. cityfalcon.com/watchlists?ass ets=%23fintech,$Blockchain,$PNC,$XOM … pic.twitter.com/Oj6dRKlmNL";;;#fintech;"808000441468547073";https://twitter.com/PortfolioBuzz/status/808000441468547073
integrated_og;2016-12-11 17:26;0;0;"#ExxonMobil : Trump Defends Exxon's Tillerson as 'World-Class Player' -- Update. Read more: http:// owler.us/abWxac $ XOM";;;#ExxonMobil;"807999949342244864";https://twitter.com/integrated_og/status/807999949342244864
gas_utilities;2016-12-11 17:26;0;0;"#ExxonMobil : Trump Defends Exxon's Tillerson as 'World-Class Player' -- Update. Read more: http:// owler.us/abWxae $ XOM";;;#ExxonMobil;"807999949304569856";https://twitter.com/gas_utilities/status/807999949304569856
oilgas_refmktg;2016-12-11 17:26;0;0;"#ExxonMobil : Trump Defends Exxon's Tillerson as 'World-Class Player' -- Update. Read more: http:// owler.us/abWw09 $ XOM";;;#ExxonMobil;"807999949296177153";https://twitter.com/oilgas_refmktg/status/807999949296177153
TickerReport;2016-12-11 17:23;0;0;"Reilly Herbert Faulkner III Boosts Stake in Exxon Mobil Corp. $ XOM http:// ift.tt/2gzUP9y";;;;"807999267214344192";https://twitter.com/TickerReport/status/807999267214344192
TickerReport;2016-12-11 17:22;0;0;"Reilly Herbert Faulkner III Boosts Stake in Exxon Mobil Corp. $ XOM http:// zpr.io/Pfij3";;;;"807999103351267330";https://twitter.com/TickerReport/status/807999103351267330
PortfolioBuzz;2016-12-11 17:07;0;0;"Gain from movement in these buzzing assets #fintech $Blockchain $ XOM http://www. cityfalcon.com/watchlists?ass ets=%23fintech,$Blockchain,$XOM … pic.twitter.com/1TS9RmyrC8";;;#fintech;"807995328121229313";https://twitter.com/PortfolioBuzz/status/807995328121229313
_CardiacKid;2016-12-11 16:54;0;0;"$ XOM - Trump Defends Exxon's Tillerson as 'World-Class Player' -- Update http:// ih.advfn.com/p.php?pid=nmon a&article=73110566&adw=1126416 …";;;;"807991845187973121";https://twitter.com/_CardiacKid/status/807991845187973121
PortfolioBuzz;2016-12-11 16:52;0;0;"These assets are seeing a jump in tweets #fintech $Blockchain $ XOM http://www. cityfalcon.com/watchlists?ass ets=%23fintech,$Blockchain,$XOM … pic.twitter.com/zRYAeywwIQ";;;#fintech;"807991337211535360";https://twitter.com/PortfolioBuzz/status/807991337211535360
tribeless;2016-12-11 16:45;0;0;""Tillerson’s life has been shaped to a profound extent by two institutions: $ XOM and the Boy Scouts of America." http://www. newyorker.com/news/news-desk /rex-tillerson-from-a-corporate-oil-sovereign-to-the-state-department?mbid=amp_tw …";;;;"807989726703652866";https://twitter.com/tribeless/status/807989726703652866
PortfolioBuzz;2016-12-11 16:36;0;0;"See why these assets are trending in 1 watchlist #fintech $Blockchain $ XOM http://www. cityfalcon.com/watchlists?ass ets=%23fintech,$Blockchain,$XOM … pic.twitter.com/XQbmAZq2ep";;;#fintech;"807987363511209984";https://twitter.com/PortfolioBuzz/status/807987363511209984
gas_utilities;2016-12-11 16:33;0;0;"#ExxonMobil : Trump Defends Exxon's Tillerson as 'World-Class Player'. Read more: http:// owler.us/abWw1N $ XOM";;;#ExxonMobil;"807986594326024192";https://twitter.com/gas_utilities/status/807986594326024192
oilgas_refmktg;2016-12-11 16:33;0;0;"#ExxonMobil : Trump Defends Exxon's Tillerson as 'World-Class Player'. Read more: http:// owler.us/abWw1D $ XOM";;;#ExxonMobil;"807986594288254976";https://twitter.com/oilgas_refmktg/status/807986594288254976
integrated_og;2016-12-11 16:33;0;0;"#ExxonMobil : Trump Defends Exxon's Tillerson as 'World-Class Player'. Read more: http:// owler.us/abWw1J $ XOM";;;#ExxonMobil;"807986594271481858";https://twitter.com/integrated_og/status/807986594271481858
gas_utilities;2016-12-11 16:32;0;0;"#ExxonMobil Trump expected to tap Exxon's Tillerson to lead State Dept. Read more: http:// owler.us/abWw1O $ XOM";;;#ExxonMobil;"807986438939648001";https://twitter.com/gas_utilities/status/807986438939648001
integrated_og;2016-12-11 16:32;0;0;"#ExxonMobil Trump expected to tap Exxon's Tillerson to lead State Dept. Read more: http:// owler.us/abWw1L $ XOM";;;#ExxonMobil;"807986438918651904";https://twitter.com/integrated_og/status/807986438918651904
oilgas_refmktg;2016-12-11 16:32;0;0;"#ExxonMobil Trump expected to tap Exxon's Tillerson to lead State Dept. Read more: http:// owler.us/abWw1B $ XOM";;;#ExxonMobil;"807986438880903168";https://twitter.com/oilgas_refmktg/status/807986438880903168
TailwindsRsrch;2016-12-11 16:24;0;0;"Tailwinds newsletter! How to profit from higher #oil . #permian $ ESTE $ RSPP $ REI $ CWEI $ CRZO $ FANG $ OAS $ XOM $ CHV http:// tailwindsresearch.com/2016/12/the-be st-way-to-play-higher-oil-prices/ …";;;#oil #permian;"807984515813548032";https://twitter.com/TailwindsRsrch/status/807984515813548032
PortfolioBuzz;2016-12-11 16:20;0;0;"Gain from movement in these buzzing assets #fintech $Blockchain $ XOM http://www. cityfalcon.com/watchlists?ass ets=%23fintech,$Blockchain,$XOM … pic.twitter.com/txG6Ce8IBJ";;;#fintech;"807983423243636736";https://twitter.com/PortfolioBuzz/status/807983423243636736
DanCarlson33;2016-12-11 16:19;0;0;"Tailwinds newsletter! Profiting from higher #oil . #permian $ ESTE $ RSPP $ REI $ CWEI $ CRZO $ FANG $ XOM $ CHV http:// tailwindsresearch.com/2016/12/the-be st-way-to-play-higher-oil-prices/ …";;;#oil #permian;"807983260466720768";https://twitter.com/DanCarlson33/status/807983260466720768
PortfolioBuzz;2016-12-11 16:02;0;0;"These assets are seeing a jump in tweets #fintech $Blockchain $ XOM http://www. cityfalcon.com/watchlists?ass ets=%23fintech,$Blockchain,$XOM … pic.twitter.com/yXsaiRWHpB";;;#fintech;"807978972776660992";https://twitter.com/PortfolioBuzz/status/807978972776660992
WatchlistN;2016-12-11 15:57;0;0;"Exxon Mobil Corp. $ XOM Shares Sold by Thompson Rubinstein Investment Management Inc. OR http:// zpr.io/PfiUZ";;;;"807977698194759680";https://twitter.com/WatchlistN/status/807977698194759680
jackstone104;2016-12-11 15:57;0;1;"Incredible to see media essentially be Charles Coughlin. For God's sake at least read Steve Coll's book on $ XOM even if it is worst of canon";;;;"807977559229136896";https://twitter.com/jackstone104/status/807977559229136896
_CardiacKid;2016-12-11 15:55;0;0;"$ XOM - Trump Defends Exxon's Tillerson as 'World-Class Player' http:// ih.advfn.com/p.php?pid=nmon a&article=73110562&adw=1126416 …";;;;"807976997154656256";https://twitter.com/_CardiacKid/status/807976997154656256
SaltLassi;2016-12-11 15:50;0;0;"$ JNJ , $ UTX , $ XOM #watchlist";;;#watchlist;"807975785604804609";https://twitter.com/SaltLassi/status/807975785604804609
finzine;2016-12-11 15:47;0;0;"$ XOM Trump dismisses reports Russia helped him in U.S. election http:// finance.yahoo.com/news/trump-dis misses-reports-russia-helped-153822715.html …";;;;"807975046673301504";https://twitter.com/finzine/status/807975046673301504
IvanaBoastsky;2016-12-11 15:47;1;0;"Any #Tillerson comments with respect to YTD charts on $ XOM vs other majors like $ CVX or $ COP ? Good excuse to bail comes to mind.";;;#Tillerson;"807975036875177984";https://twitter.com/IvanaBoastsky/status/807975036875177984
PortfolioBuzz;2016-12-11 15:46;0;0;"See why these assets are trending in 1 watchlist #fintech $Blockchain $ SENSEX $ XOM http://www. cityfalcon.com/watchlists?ass ets=%23fintech,$Blockchain,$SENSEX,$XOM … pic.twitter.com/N11SFBewkr";;;#fintech;"807974889374314500";https://twitter.com/PortfolioBuzz/status/807974889374314500
optioncharts;2016-12-11 15:45;0;0;"$ XOM maturity 12/16/2016 Vol PutCallRatio of 1.69 puts=16,447 calls=9,728 . http:// bit.ly/2gOBmj5 pic.twitter.com/Cmt8SzX1ie";;;;"807974591863717888";https://twitter.com/optioncharts/status/807974591863717888
newstruthliz;2016-12-11 15:35;0;0;"What cost $ XOM chief #Tillerson to be a 'friend of #Putin '..inc #lobbying @WhiteHouse against #Russia #sanctions . http:// politi.co/2gN7tiY";;@WhiteHouse;#Tillerson #Putin #lobbying #Russia #sanctions;"807971976392359937";https://twitter.com/newstruthliz/status/807971976392359937
finzine;2016-12-11 15:34;0;0;"$ XOM Trump Defends Exxon's Tillerson as 'World-Class Player' http://www. wsj.com/articles/trump -defends-exxons-tillerson-as-world-class-player-1481469868 …";;;;"807971881915711489";https://twitter.com/finzine/status/807971881915711489
BoardCentral;2016-12-11 15:32;1;3;"Twitter Stock buzz: $ SPY $ AAPL $ EURUSD $ XOM $ FB (10:32 am) #stocks #finance #stockmarket #StockPicks";;;#stocks #finance #stockmarket #StockPicks;"807971447591276544";https://twitter.com/BoardCentral/status/807971447591276544
BoardCentral;2016-12-11 15:32;0;1;"Web Stock buzz: $ BA $ XOM $ TWTR $ CVX $ WFMI (10:32 am) #stocks #finance #stockmarket #StockPicks";;;#stocks #finance #stockmarket #StockPicks;"807971445548679170";https://twitter.com/BoardCentral/status/807971445548679170
gas_utilities;2016-12-11 15:32;0;0;"#ExxonMobil Key Words: McCain calls Exxon CEO's relationship with Russia's Putin 'a matter o... Read more: http:// owler.us/abWwRW $ XOM";;;#ExxonMobil;"807971220238974976";https://twitter.com/gas_utilities/status/807971220238974976
integrated_og;2016-12-11 15:32;0;0;"#ExxonMobil Key Words: McCain calls Exxon CEO's relationship with Russia's Putin 'a matter o... Read more: http:// owler.us/abWwRU $ XOM";;;#ExxonMobil;"807971220222189568";https://twitter.com/integrated_og/status/807971220222189568
oilgas_refmktg;2016-12-11 15:32;0;0;"#ExxonMobil Key Words: McCain calls Exxon CEO's relationship with Russia's Putin 'a matter o... Read more: http:// owler.us/abWwRQ $ XOM";;;#ExxonMobil;"807971220180242432";https://twitter.com/oilgas_refmktg/status/807971220180242432
Robostocks123;2016-12-11 15:31;0;1;"Should make for good Monday for pipelines particularly $ ete fam. CEO $ xom and EPA new chief = energy bff https:// twitter.com/joemcmonigle/s tatus/807961832522731520 …";;;;"807971018547531776";https://twitter.com/Robostocks123/status/807971018547531776
dailypoliticaln;2016-12-11 15:26;0;0;"Baker Chad R Holds Stake in Exxon Mobil Corp. $ XOM http:// ift.tt/2gp0fRe";;;;"807969779575308288";https://twitter.com/dailypoliticaln/status/807969779575308288
newswithvalue;2016-12-11 15:26;0;0;"$ XOM : Trump Defends Exxon’s Tillerson as ‘World-Class Player’: http://www. StockNewsWires.com/2016/12/11/xom -trump-defends-exxons-tillerson-as-world-class-player/ …";;;;"807969713829675009";https://twitter.com/newswithvalue/status/807969713829675009
dailypoliticaln;2016-12-11 15:24;0;0;"Baker Chad R Holds Stake in Exxon Mobil Corp. $ XOM http://www. dailypolitical.com/?p=849637";;;;"807969329316773888";https://twitter.com/dailypoliticaln/status/807969329316773888
ConsumerFeed;2016-12-11 15:24;0;0;"Baker Chad R Holds Stake in Exxon Mobil Corp. $ XOM http:// zpr.io/Pf54e";;;;"807969220873060352";https://twitter.com/ConsumerFeed/status/807969220873060352
JustinPulitzer;2016-12-11 15:23;2;4;"REPORT: Trump Has Chosen His Secretary Of State. <~ If true, we know who will manage the Oil Trump "takes". $ XOM http:// m.hannity.com/articles/hanpr -election-493995/report-trump-has-chosen-his-secretary-15378950/ …";;;;"807969078954561536";https://twitter.com/JustinPulitzer/status/807969078954561536
oilgas_refmktg;2016-12-11 15:19;0;0;"#ExxonMobil Trump's transition: Who is Rex Tillerson?. Read more: http:// owler.us/abWwQW $ XOM";;;#ExxonMobil;"807968114553954305";https://twitter.com/oilgas_refmktg/status/807968114553954305
gas_utilities;2016-12-11 15:18;0;0;"#ExxonMobil Trump's transition: Who is Rex Tillerson?. Read more: http:// owler.us/abWwQ4 $ XOM";;;#ExxonMobil;"807967804049588224";https://twitter.com/gas_utilities/status/807967804049588224
integrated_og;2016-12-11 15:18;0;0;"#ExxonMobil Trump's transition: Who is Rex Tillerson?. Read more: http:// owler.us/abWwQZ $ XOM";;;#ExxonMobil;"807967803961548800";https://twitter.com/integrated_og/status/807967803961548800
JSiegel88;2016-12-11 15:16;0;1;"I was planning on just watching $ XOM & $ DVN fly. :-}";;;;"807967336674299908";https://twitter.com/JSiegel88/status/807967336674299908
valuewalk;2016-12-11 15:07;1;2;"Trump to pick ExxonMobil chief #RexTillerson as secretary of state http://www. wibbitz.com/watch/?id=b1c5 3dde4f9a84697bf92cc121fcacd35 … $ XOM";;;#RexTillerson;"807965105963069440";https://twitter.com/valuewalk/status/807965105963069440
rcachap;2016-12-11 15:04;0;0;"Why Exxon Mobil Is Set To Rise Higher $ XOM http://www. seekingalpha.com/article/4028793";;;;"807964187007877126";https://twitter.com/rcachap/status/807964187007877126
ProVesting;2016-12-11 15:01;0;0;"$ XOM : Trump Says Russians Couldn’t Have Influenced His ‘Landslide’ Win: http://www. StockNewsWires.com/2016/12/11/xom -trump-says-russians-couldnt-have-influenced-his-landslide-win/ …";;;;"807963410092716033";https://twitter.com/ProVesting/status/807963410092716033
DividendMaster;2016-12-11 14:59;1;5;"with a straight face , $ NYT WashPo @CNN @MSNBC outraged we want an $ XOM exec @StateDept vs more Hillary/Kerry diplomacy success";;@CNN @MSNBC @StateDept;;"807963087529775104";https://twitter.com/DividendMaster/status/807963087529775104
LanceRoberts;2016-12-11 14:46;0;2;"Joined my friends @Fox26Houston to discuss the potential selection of #RexTillerson , CEO of $ XOM as #SoS . http://www. fox26houston.com/news/222934781 -story …";;@Fox26Houston;#RexTillerson #SoS;"807959788340543488";https://twitter.com/LanceRoberts/status/807959788340543488
ScottHoughAuth;2016-12-11 14:46;0;0;"John McCain: Tillerson-Putin Relationship A ‘Matter Of Concern’ $ XOM $ GM $ TSLA http://www. inquisitr.com/3786720/john-m ccain-tillerson-putin-relationship-a-matter-of-concern-exxon-stock/ …";;;;"807959788051189760";https://twitter.com/ScottHoughAuth/status/807959788051189760
PortfolioBuzz;2016-12-11 14:41;0;0;"Highest scoring stories for #SP500 under one watchlist $ AAPL $ WFC $ XOM http://www. cityfalcon.com/watchlists?nam e=S%26P%20500%20Tracker … > pic.twitter.com/kz6Pq37AKx";;;#SP500;"807958519882321920";https://twitter.com/PortfolioBuzz/status/807958519882321920
orphanani;2016-12-11 14:41;0;0;"On Sec of State pick #Tillerson of $ XOM from that liberal bastion, the @WSJ https:// twitter.com/NateSilver538/ status/807650805767544832 …";;@WSJ;#Tillerson;"807958455491448832";https://twitter.com/orphanani/status/807958455491448832
dailypoliticaln;2016-12-11 14:31;0;0;"Exxon Mobil Corp. $ XOM Shares Bought by Regentatlantic Capital LLC http:// ift.tt/2hAlNvc";;;;"807955955199733761";https://twitter.com/dailypoliticaln/status/807955955199733761
midetimes;2016-12-11 14:30;0;0;"Exxon Mobil Corp. $ XOM Shares Sold by Community Trust & Investment Co. http:// mideasttime.com/?p=1445240";;;;"807955836941242369";https://twitter.com/midetimes/status/807955836941242369
dailypoliticaln;2016-12-11 14:30;0;0;"Exxon Mobil Corp. $ XOM Shares Bought by Regentatlantic Capital LLC http://www. dailypolitical.com/?p=849610";;;;"807955748785426432";https://twitter.com/dailypoliticaln/status/807955748785426432
SPNewsAnalysis;2016-12-11 14:29;0;0;"Exxon Mobil Corp. $ XOM Shares Bought by Regentatlantic Capital LLC http:// ift.tt/2gzoQqa";;;;"807955521475117056";https://twitter.com/SPNewsAnalysis/status/807955521475117056
ConsumerFeed;2016-12-11 14:27;0;0;"Exxon Mobil Corp. $ XOM Shares Sold by Community Trust & Investment Co. http:// zpr.io/Pf52V";;;;"807955085863034880";https://twitter.com/ConsumerFeed/status/807955085863034880
CockroachCapLP;2016-12-11 14:18;0;0;"*TRUMP SAYS TILLERSON, HIS REPORTED PICK, A `WORLD-CLASS PLAYER' $ XOM";;;;"807952760155078656";https://twitter.com/CockroachCapLP/status/807952760155078656
Foudroyant;2016-12-11 14:10;0;0;"Who knows, maybe he'll simply be as devoted to the US electorate as he was to the $ XOM shareholders. https:// twitter.com/djrothkopf/sta tus/807949218782543872 …";;;;"807950755592372226";https://twitter.com/Foudroyant/status/807950755592372226
gas_utilities;2016-12-11 14:04;0;0;"#ExxonMobil Rex Tillerson as secretary of state would bring Trump close to Russia and Putin. Read more: http:// owler.us/abWwJX $ XOM";;;#ExxonMobil;"807949164105461761";https://twitter.com/gas_utilities/status/807949164105461761
integrated_og;2016-12-11 14:04;0;0;"#ExxonMobil Rex Tillerson as secretary of state would bring Trump close to Russia and Putin. Read more: http:// owler.us/abWwJV $ XOM";;;#ExxonMobil;"807949164105449473";https://twitter.com/integrated_og/status/807949164105449473
oilgas_refmktg;2016-12-11 14:04;0;0;"#ExxonMobil Rex Tillerson as secretary of state would bring Trump close to Russia and Putin. Read more: http:// owler.us/abWwJQ $ XOM";;;#ExxonMobil;"807949164042539008";https://twitter.com/oilgas_refmktg/status/807949164042539008
B0Worldwide;2016-12-11 13:56;0;0;"$ XOM $ xle https:// twitter.com/BOWorldwide/st atus/807947089032413185 …";;;;"807947232318263296";https://twitter.com/B0Worldwide/status/807947232318263296
gas_utilities;2016-12-11 13:52;0;0;"#ExxonMobil Trump praises Exxon's Rex Tillerson tipped for top diplomat. Read more: http:// owler.us/abWwI0 $ XOM";;;#ExxonMobil;"807946213630689280";https://twitter.com/gas_utilities/status/807946213630689280
integrated_og;2016-12-11 13:52;0;0;"#ExxonMobil In Land of World's Cheapest LNG, Exxon and Total Seen Teaming Up. Read more: http:// owler.us/abWwI6 $ XOM";;;#ExxonMobil;"807946213618171904";https://twitter.com/integrated_og/status/807946213618171904
oilgas_refmktg;2016-12-11 13:52;0;0;"#ExxonMobil In Land of World's Cheapest LNG, Exxon and Total Seen Teaming Up. Read more: http:// owler.us/abWwIY $ XOM";;;#ExxonMobil;"807946213555191808";https://twitter.com/oilgas_refmktg/status/807946213555191808
dailypoliticaln;2016-12-11 13:52;0;0;"Henderson Group PLC Has $41,539,000 Position in Exxon Mobil Corp. $ XOM http:// ift.tt/2hAcYBB";;;;"807946096702066688";https://twitter.com/dailypoliticaln/status/807946096702066688
gas_utilities;2016-12-11 13:52;0;0;"#ExxonMobil In Land of World's Cheapest LNG, Exxon and Total Seen Teaming Up. Read more: http:// owler.us/abWwI9 $ XOM";;;#ExxonMobil;"807946058311475202";https://twitter.com/gas_utilities/status/807946058311475202
integrated_og;2016-12-11 13:52;0;0;"#ExxonMobil Trump praises Exxon's Rex Tillerson tipped for top diplomat. Read more: http:// owler.us/abWwI8 $ XOM";;;#ExxonMobil;"807946058311446528";https://twitter.com/integrated_og/status/807946058311446528
oilgas_refmktg;2016-12-11 13:52;0;0;"#ExxonMobil Trump praises Exxon's Rex Tillerson tipped for top diplomat. Read more: http:// owler.us/abWwI1 $ XOM";;;#ExxonMobil;"807946058219163648";https://twitter.com/oilgas_refmktg/status/807946058219163648
dailypoliticaln;2016-12-11 13:50;0;0;"Henderson Group PLC Has $41,539,000 Position in Exxon Mobil Corp. $ XOM http://www. dailypolitical.com/?p=849592";;;;"807945761166159874";https://twitter.com/dailypoliticaln/status/807945761166159874
PortfolioBuzz;2016-12-11 13:49;0;0;"Track trending assets in 1 watchlist #fintech $ AAPL $Blockchain $ ROSN $ XOM http://www. cityfalcon.com/watchlists?ass ets=%23fintech,$AAPL,$Blockchain,$ROSN,$XOM … pic.twitter.com/Rw7a2R2bbt";;;#fintech;"807945303399825408";https://twitter.com/PortfolioBuzz/status/807945303399825408
MBATMann;2016-12-11 13:40;0;2;"I just published “ Trade Ideas — $ AET , $ FLO , $ WYNN , $ GT , $ BP , $XOM ” https:// medium.com/p/trade-ideas- aet-flo-wynn-gt-bp-xom-85d3c563756d …";;;;"807943076870311937";https://twitter.com/MBATMann/status/807943076870311937
PortfolioBuzz;2016-12-11 13:03;0;0;"Gain from movement in these buzzing assets #fintech $ AAPL $Blockchain $ XOM http://www. cityfalcon.com/watchlists?ass ets=%23fintech,$AAPL,$Blockchain,$XOM … pic.twitter.com/og1W3M1sDq";;;#fintech;"807933716471443456";https://twitter.com/PortfolioBuzz/status/807933716471443456
PortfolioBuzz;2016-12-11 12:40;0;0;"These assets are seeing a jump in tweets #fintech $ AAPL $Blockchain $ ROSN $ XOM http://www. cityfalcon.com/watchlists?ass ets=%23fintech,$AAPL,$Blockchain,$ROSN,$XOM … pic.twitter.com/AYxrH8Zgxe";;;#fintech;"807928012628955136";https://twitter.com/PortfolioBuzz/status/807928012628955136
PortfolioBuzz;2016-12-11 12:24;0;0;"See why these assets are trending in 1 watchlist #fintech $ AAPL $Blockchain $ ROSN $ XOM http://www. cityfalcon.com/watchlists?ass ets=%23fintech,$AAPL,$Blockchain,$ROSN,$XOM … pic.twitter.com/7A2HB3dfSh";;;#fintech;"807923905964949505";https://twitter.com/PortfolioBuzz/status/807923905964949505
sstrazza;2016-12-11 12:17;0;0;"ExxonMobil chief emerges as favourite for US Secretary of State $ XOM #TrumpTransition https://www. ft.com/content/357e84 f4-bf5d-11e6-81c2-f57d90f6741a?segmentid=acee4131-99c2-09d3-a635-873e61754ec6 …";;;#TrumpTransition;"807922352881332224";https://twitter.com/sstrazza/status/807922352881332224
CockroachCapLP;2016-12-11 12:17;0;1;"Get to learn about Rex Tillerson $ XOM https:// charlierose.com/videos/20063";;;;"807922167551770624";https://twitter.com/CockroachCapLP/status/807922167551770624
markl280;2016-12-11 12:11;0;0;"Some people in TX are standing up to Islamophobia, $ XOM should too http://www. dallasnews.com/news/irving/20 16/11/29/man-holding-belong-sing-front-irving-mosque-lauded-photos-go-viral-facebook …";;;;"807920634537934848";https://twitter.com/markl280/status/807920634537934848
markl280;2016-12-11 12:10;0;0;"And look at where $ XOM HQ is, Irving TX, where armed men parade in front of local mosque http://www. dallasnews.com/news/news/2016 /02/20/gun-wielding-protesters-want-irving-mosque-to-say-no-to-syrian-refugees …";;;;"807920405361074176";https://twitter.com/markl280/status/807920405361074176
optioncharts;2016-12-11 11:44;0;0;"$ XOM OI for maturity 12/16/2016. 82.50 Highest put. 90.00 Highest call. http:// bit.ly/2gOcdow pic.twitter.com/ZWJX68kP5K";;;;"807914001229180928";https://twitter.com/optioncharts/status/807914001229180928
gas_utilities;2016-12-11 11:34;0;0;"#ExxonMobil : ExxonMobil head frontrunner for secretary of state. Read more: http:// owler.us/abWwso $ XOM";;;#ExxonMobil;"807911409434509313";https://twitter.com/gas_utilities/status/807911409434509313
integrated_og;2016-12-11 11:34;0;0;"#ExxonMobil : ExxonMobil head frontrunner for secretary of state. Read more: http:// owler.us/abWwsl $ XOM";;;#ExxonMobil;"807911409325486080";https://twitter.com/integrated_og/status/807911409325486080
oilgas_refmktg;2016-12-11 11:34;0;0;"#ExxonMobil : ExxonMobil head frontrunner for secretary of state. Read more: http:// owler.us/abWwsg $ XOM";;;#ExxonMobil;"807911409245786113";https://twitter.com/oilgas_refmktg/status/807911409245786113
gas_utilities;2016-12-11 11:10;0;0;"#ExxonMobil Strategic Direction Marketing Tactics and Technological KnowHow in the Global Ch... Read more: http:// owler.us/abWwpU $ XOM";;;#ExxonMobil;"807905350707867649";https://twitter.com/gas_utilities/status/807905350707867649
oilgas_refmktg;2016-12-11 11:10;0;0;"#ExxonMobil Strategic Direction Marketing Tactics and Technological KnowHow in the Global Ch... Read more: http:// owler.us/abWwpO $ XOM";;;#ExxonMobil;"807905350171041792";https://twitter.com/oilgas_refmktg/status/807905350171041792
integrated_og;2016-12-11 11:10;0;0;"#ExxonMobil Strategic Direction Marketing Tactics and Technological KnowHow in the Global Ch... Read more: http:// owler.us/abWwpR $ XOM";;;#ExxonMobil;"807905350166802432";https://twitter.com/integrated_og/status/807905350166802432
oilgas_refmktg;2016-12-11 11:04;0;0;"#ExxonMobil : Victoria hopes to overcome Portland's bid for Exxon plant . Read more: http:// owler.us/abWwoZ $ XOM";;;#ExxonMobil;"807903795409612800";https://twitter.com/oilgas_refmktg/status/807903795409612800
gas_utilities;2016-12-11 11:04;0;0;"#ExxonMobil : Victoria hopes to overcome Portland's bid for Exxon plant . Read more: http:// owler.us/abWwo0 $ XOM";;;#ExxonMobil;"807903795329933312";https://twitter.com/gas_utilities/status/807903795329933312
integrated_og;2016-12-11 11:04;0;0;"#ExxonMobil : Victoria hopes to overcome Portland's bid for Exxon plant . Read more: http:// owler.us/abWwo5 $ XOM";;;#ExxonMobil;"807903795275366402";https://twitter.com/integrated_og/status/807903795275366402
integrated_og;2016-12-11 10:52;0;0;"#ExxonMobil Trump Likely To Name ExxonMobil CEO Secretary of State. Read more: http:// owler.us/abWugt $ XOM";;;#ExxonMobil;"807900842296627201";https://twitter.com/integrated_og/status/807900842296627201
integrated_og;2016-12-11 10:51;0;0;"#ExxonMobil Exxon CEO Tillerson likely to be Trump's Secretary of State, US media report. Read more: http:// owler.us/abWugq $ XOM";;;#ExxonMobil;"807900687421976576";https://twitter.com/integrated_og/status/807900687421976576
integrated_og;2016-12-11 10:51;0;0;"#ExxonMobil DEADLINE ALERT: Brower Piven Alerts Shareholders Of Approaching Deadline In Clas... Read more: http:// owler.us/abWugs $ XOM";;;#ExxonMobil;"807900532127866886";https://twitter.com/integrated_og/status/807900532127866886
integrated_og;2016-12-11 10:50;0;0;"#ExxonMobil Trump likely to name Exxon CEO secretary of state - source. Read more: http:// owler.us/abWugr $ XOM";;;#ExxonMobil;"807900376619839488";https://twitter.com/integrated_og/status/807900376619839488
integrated_og;2016-12-11 10:49;0;0;"#ExxonMobil Who is Rex Tillerson, Donald Trump's dark-horse candidate for secretary of state?. Read more: http:// owler.us/abWugv $ XOM";;;#ExxonMobil;"807900221292220418";https://twitter.com/integrated_og/status/807900221292220418
gas_utilities;2016-12-11 10:49;0;0;"#ExxonMobil Exxon CEO Tillerson likely to be Trump's Secretary of State, US media report. Read more: http:// owler.us/abWugQ $ XOM";;;#ExxonMobil;"807900221271195649";https://twitter.com/gas_utilities/status/807900221271195649
integrated_og;2016-12-11 10:49;0;0;"#ExxonMobil Trump to pick Exxon CEO Tillerson as secretary of state. Read more: http:// owler.us/abWugV $ XOM";;;#ExxonMobil;"807900065792561153";https://twitter.com/integrated_og/status/807900065792561153
gas_utilities;2016-12-11 10:49;0;0;"#ExxonMobil Trump Likely To Name ExxonMobil CEO Secretary of State. Read more: http:// owler.us/abWugP $ XOM";;;#ExxonMobil;"807900065750650881";https://twitter.com/gas_utilities/status/807900065750650881
integrated_og;2016-12-11 10:48;0;0;"#ExxonMobil : Trump expected to name Rex Tillerson, Exxon Mobil CEO, as next secretary of st... Read more: http:// owler.us/abWuCs $ XOM";;;#ExxonMobil;"807899910364217344";https://twitter.com/integrated_og/status/807899910364217344
gas_utilities;2016-12-11 10:48;0;0;"#ExxonMobil DEADLINE ALERT: Brower Piven Alerts Shareholders Of Approaching Deadline In Clas... Read more: http:// owler.us/abWugR $ XOM";;;#ExxonMobil;"807899910347444226";https://twitter.com/gas_utilities/status/807899910347444226
oilgas_refmktg;2016-12-11 10:48;0;0;"#ExxonMobil Exxon CEO Tillerson likely to be Trump's Secretary of State, US media report. Read more: http:// owler.us/abWuf3 $ XOM";;;#ExxonMobil;"807899909869473792";https://twitter.com/oilgas_refmktg/status/807899909869473792
integrated_og;2016-12-11 10:48;0;0;"#ExxonMobil Trump to pick Exxon CEO Tillerson as secretary of state. Read more: http:// owler.us/abWuSv $ XOM";;;#ExxonMobil;"807899755044950016";https://twitter.com/integrated_og/status/807899755044950016
gas_utilities;2016-12-11 10:48;0;0;"#ExxonMobil Who is Rex Tillerson, Donald Trump's dark-horse candidate for secretary of state?. Read more: http:// owler.us/abWugT $ XOM";;;#ExxonMobil;"807899754898202624";https://twitter.com/gas_utilities/status/807899754898202624
oilgas_refmktg;2016-12-11 10:48;0;0;"#ExxonMobil Trump likely to name Exxon CEO secretary of state - source. Read more: http:// owler.us/abWuf2 $ XOM";;;#ExxonMobil;"807899754327773184";https://twitter.com/oilgas_refmktg/status/807899754327773184
integrated_og;2016-12-11 10:47;0;0;"#ExxonMobil Trump presidency: Exxon's Rex Tillerson for top diplomat?. Read more: http:// owler.us/abWvbu $ XOM";;;#ExxonMobil;"807899599402770432";https://twitter.com/integrated_og/status/807899599402770432
oilgas_refmktg;2016-12-11 10:47;0;0;"#ExxonMobil DEADLINE ALERT: Brower Piven Alerts Shareholders Of Approaching Deadline In Clas... Read more: http:// owler.us/abWufY $ XOM";;;#ExxonMobil;"807899598828077056";https://twitter.com/oilgas_refmktg/status/807899598828077056
gas_utilities;2016-12-11 10:47;0;0;"#ExxonMobil Trump likely to name Exxon CEO secretary of state - source. Read more: http:// owler.us/abWugS $ XOM";;;#ExxonMobil;"807899598798733313";https://twitter.com/gas_utilities/status/807899598798733313
oilgas_refmktg;2016-12-11 10:46;0;0;"#ExxonMobil Trump Likely To Name ExxonMobil CEO Secretary of State. Read more: http:// owler.us/abWufZ $ XOM";;;#ExxonMobil;"807899443819257856";https://twitter.com/oilgas_refmktg/status/807899443819257856
gas_utilities;2016-12-11 10:46;0;0;"#ExxonMobil Trump to pick Exxon CEO Tillerson as secretary of state. Read more: http:// owler.us/abWuhk $ XOM";;;#ExxonMobil;"807899443328466944";https://twitter.com/gas_utilities/status/807899443328466944
integrated_og;2016-12-11 10:46;0;0;"#ExxonMobil : ExxonMobil CEO tapped as Trump's secretary of state. Read more: http:// owler.us/abWvcd $ XOM";;;#ExxonMobil;"807899443282350080";https://twitter.com/integrated_og/status/807899443282350080
oilgas_refmktg;2016-12-11 10:46;0;0;"#ExxonMobil Who is Rex Tillerson, Donald Trump's dark-horse candidate for secretary of state?. Read more: http:// owler.us/abWuf1 $ XOM";;;#ExxonMobil;"807899288579649536";https://twitter.com/oilgas_refmktg/status/807899288579649536
gas_utilities;2016-12-11 10:46;0;0;"#ExxonMobil : Trump expected to name Rex Tillerson, Exxon Mobil CEO, as next secretary of st... Read more: http:// owler.us/abWuDb $ XOM";;;#ExxonMobil;"807899287954673668";https://twitter.com/gas_utilities/status/807899287954673668
oilgas_refmktg;2016-12-11 10:45;0;0;"#ExxonMobil Trump to pick Exxon CEO Tillerson as secretary of state. Read more: http:// owler.us/abWuf4 $ XOM";;;#ExxonMobil;"807899133059051525";https://twitter.com/oilgas_refmktg/status/807899133059051525
gas_utilities;2016-12-11 10:45;0;0;"#ExxonMobil Trump to pick Exxon CEO Tillerson as secretary of state. Read more: http:// owler.us/abWuSF $ XOM";;;#ExxonMobil;"807899132392185856";https://twitter.com/gas_utilities/status/807899132392185856
oilgas_refmktg;2016-12-11 10:45;0;0;"#ExxonMobil : Trump expected to name Rex Tillerson, Exxon Mobil CEO, as next secretary of st... Read more: http:// owler.us/abWuB3 $ XOM";;;#ExxonMobil;"807898977861406720";https://twitter.com/oilgas_refmktg/status/807898977861406720
oilgas_refmktg;2016-12-11 10:44;0;0;"#ExxonMobil Trump to pick Exxon CEO Tillerson as secretary of state. Read more: http:// owler.us/abWuSa $ XOM";;;#ExxonMobil;"807898822496002049";https://twitter.com/oilgas_refmktg/status/807898822496002049
oilgas_refmktg;2016-12-11 10:43;0;0;"#ExxonMobil Trump presidency: Exxon's Rex Tillerson for top diplomat?. Read more: http:// owler.us/abWva9 $ XOM";;;#ExxonMobil;"807898666740555776";https://twitter.com/oilgas_refmktg/status/807898666740555776
gas_utilities;2016-12-11 10:43;1;0;"#ExxonMobil Trump presidency: Exxon's Rex Tillerson for top diplomat?. Read more: http:// owler.us/abWvbG $ XOM";;;#ExxonMobil;"807898665989730304";https://twitter.com/gas_utilities/status/807898665989730304
integrated_og;2016-12-11 10:43;0;0;"Reports: Trump Expected To Name #ExxonMobil CEO Tillerson As Secretary Of State . Read more: http:// owler.us/abWvNb $ XOM";;;#ExxonMobil;"807898665956147201";https://twitter.com/integrated_og/status/807898665956147201
oilgas_refmktg;2016-12-11 10:43;0;0;"#ExxonMobil : ExxonMobil CEO tapped as Trump's secretary of state. Read more: http:// owler.us/abWvbR $ XOM";;;#ExxonMobil;"807898511358365696";https://twitter.com/oilgas_refmktg/status/807898511358365696
integrated_og;2016-12-11 10:43;0;0;"#ExxonMobil Who is Rex Tillerson, the dark-horse candidate for US secretary of state with cl... Read more: http:// owler.us/abWvNd $ XOM";;;#ExxonMobil;"807898510523711488";https://twitter.com/integrated_og/status/807898510523711488
gas_utilities;2016-12-11 10:42;0;0;"#ExxonMobil : ExxonMobil CEO tapped as Trump's secretary of state. Read more: http:// owler.us/abWvcr $ XOM";;;#ExxonMobil;"807898355690917889";https://twitter.com/gas_utilities/status/807898355690917889
integrated_og;2016-12-11 10:42;0;0;"Reports: Trump Expected To Name #ExxonMobil CEO Tillerson As Secretary Of State. Read more: http:// owler.us/abWvNe $ XOM";;;#ExxonMobil;"807898355003047936";https://twitter.com/integrated_og/status/807898355003047936
integrated_og;2016-12-11 10:41;0;0;"#ExxonMobil Rex Tillerson, Exxon Chief, expected to be pick for secretary of state. Read more: http:// owler.us/abWvNg $ XOM";;;#ExxonMobil;"807898199549542400";https://twitter.com/integrated_og/status/807898199549542400
MyAlliesNews;2016-12-11 10:41;0;0;"$ XOM Safety, health and the workplace https:// goo.gl/Gf3emV";;;;"807898129832017920";https://twitter.com/MyAlliesNews/status/807898129832017920
oilgas_refmktg;2016-12-11 10:41;0;0;"Reports: Trump Expected To Name #ExxonMobil CEO Tillerson As Secretary Of State . Read more: http:// owler.us/abWvM1 $ XOM";;;#ExxonMobil;"807898044624576512";https://twitter.com/oilgas_refmktg/status/807898044624576512
integrated_og;2016-12-11 10:41;0;0;"#ExxonMobil Trump likely to name Exxon CEO secretary of state -source. Read more: http:// owler.us/abWvNj $ XOM";;;#ExxonMobil;"807898044070961152";https://twitter.com/integrated_og/status/807898044070961152
gas_utilities;2016-12-11 10:40;0;0;"#ExxonMobil Who is Rex Tillerson, the dark-horse candidate for US secretary of state with cl... Read more: http:// owler.us/abWvNz $ XOM";;;#ExxonMobil;"807897889515008004";https://twitter.com/gas_utilities/status/807897889515008004
oilgas_refmktg;2016-12-11 10:40;0;0;"#ExxonMobil Who is Rex Tillerson, the dark-horse candidate for US secretary of state with cl... Read more: http:// owler.us/abWvMW $ XOM";;;#ExxonMobil;"807897888768413696";https://twitter.com/oilgas_refmktg/status/807897888768413696
integrated_og;2016-12-11 10:40;0;0;"Donald Trump likely to pick #ExxonMobil CEO as his Secretary of State. Read more: http:// owler.us/abWvNk $ XOM";;;#ExxonMobil;"807897888181227521";https://twitter.com/integrated_og/status/807897888181227521
gas_utilities;2016-12-11 10:40;0;0;"#ExxonMobil Trump likely to name Exxon CEO secretary of state -source. Read more: http:// owler.us/abWvNF $ XOM";;;#ExxonMobil;"807897733600133120";https://twitter.com/gas_utilities/status/807897733600133120
oilgas_refmktg;2016-12-11 10:40;0;0;"Reports: Trump Expected To Name #ExxonMobil CEO Tillerson As Secretary Of State. Read more: http:// owler.us/abWvM2 $ XOM";;;#ExxonMobil;"807897732190871552";https://twitter.com/oilgas_refmktg/status/807897732190871552
integrated_og;2016-12-11 10:40;0;0;"#ExxonMobil Donald Trump Expected To Name Exxon CEO Rex Tillerson As Secretary Of State. Read more: http:// owler.us/abWvNi $ XOM";;;#ExxonMobil;"807897732127916032";https://twitter.com/integrated_og/status/807897732127916032
oilgas_refmktg;2016-12-11 10:39;0;0;"#ExxonMobil Rex Tillerson, Exxon Chief, expected to be pick for secretary of state. Read more: http:// owler.us/abWvMY $ XOM";;;#ExxonMobil;"807897576745758720";https://twitter.com/oilgas_refmktg/status/807897576745758720
gas_utilities;2016-12-11 10:39;0;0;"Donald Trump likely to pick #ExxonMobil CEO as his Secretary of State. Read more: http:// owler.us/abWvNH $ XOM";;;#ExxonMobil;"807897576619974658";https://twitter.com/gas_utilities/status/807897576619974658
oilgas_refmktg;2016-12-11 10:38;0;0;"#ExxonMobil Donald Trump Expected To Name Exxon CEO Rex Tillerson As Secretary Of State. Read more: http:// owler.us/abWvMZ $ XOM";;;#ExxonMobil;"807897420675723264";https://twitter.com/oilgas_refmktg/status/807897420675723264
gas_utilities;2016-12-11 10:38;0;0;"#ExxonMobil Rex Tillerson, Exxon Chief, expected to be pick for secretary of state. Read more: http:// owler.us/abWvNE $ XOM";;;#ExxonMobil;"807897420507947008";https://twitter.com/gas_utilities/status/807897420507947008
integrated_og;2016-12-11 10:38;0;0;"#ExxonMobil Trump likely to name Exxon CEO secretary of state. Read more: http:// owler.us/abWv3G $ XOM";;;#ExxonMobil;"807897420054937601";https://twitter.com/integrated_og/status/807897420054937601
gas_utilities;2016-12-11 10:38;0;0;"#ExxonMobil Trump likely to name Exxon CEO secretary of state. Read more: http:// owler.us/abWv3U $ XOM";;;#ExxonMobil;"807897264614088704";https://twitter.com/gas_utilities/status/807897264614088704
oilgas_refmktg;2016-12-11 10:38;0;0;"#ExxonMobil Trump likely to name Exxon CEO secretary of state -source. Read more: http:// owler.us/abWvMX $ XOM";;;#ExxonMobil;"807897264253341696";https://twitter.com/oilgas_refmktg/status/807897264253341696
oilgas_refmktg;2016-12-11 10:37;0;0;"#ExxonMobil Trump likely to name Exxon CEO secretary of state. Read more: http:// owler.us/abWv28 $ XOM";;;#ExxonMobil;"807897108091060224";https://twitter.com/oilgas_refmktg/status/807897108091060224
oilgas_refmktg;2016-12-11 10:36;0;0;"#ExxonMobil : Tillerson likely State Department pick Trump expected to tap 's Tillerson to l... Read more: http:// owler.us/abWwef $ XOM";;;#ExxonMobil;"807896952125800449";https://twitter.com/oilgas_refmktg/status/807896952125800449
gas_utilities;2016-12-11 10:36;0;0;"#ExxonMobil : Tillerson likely State Department pick Trump expected to tap 's Tillerson to l... Read more: http:// owler.us/abWweT $ XOM";;;#ExxonMobil;"807896951718977536";https://twitter.com/gas_utilities/status/807896951718977536
integrated_og;2016-12-11 10:36;0;0;"#ExxonMobil : Tillerson likely State Department pick Trump expected to tap 's Tillerson to l... Read more: http:// owler.us/abWwep $ XOM";;;#ExxonMobil;"807896951182094336";https://twitter.com/integrated_og/status/807896951182094336
gas_utilities;2016-12-11 10:36;0;0;"#ExxonMobil : chief to become America's top diplomat? . Read more: http:// owler.us/abWwjd $ XOM";;;#ExxonMobil;"807896795967651840";https://twitter.com/gas_utilities/status/807896795967651840
integrated_og;2016-12-11 10:36;0;0;"#ExxonMobil : chief to become America's top diplomat? . Read more: http:// owler.us/abWwi4 $ XOM";;;#ExxonMobil;"807896794747150337";https://twitter.com/integrated_og/status/807896794747150337
oilgas_refmktg;2016-12-11 10:36;0;0;"#ExxonMobil : chief to become America's top diplomat? . Read more: http:// owler.us/abWwiW $ XOM";;;#ExxonMobil;"807896794629713920";https://twitter.com/oilgas_refmktg/status/807896794629713920
integrated_og;2016-12-11 10:35;0;0;"Reports: Trump Expected To Name #ExxonMobil CEO Tillerson As Secretary Of State . Read more: http:// owler.us/abWwkd $ XOM";;;#ExxonMobil;"807896638337335297";https://twitter.com/integrated_og/status/807896638337335297
oilgas_refmktg;2016-12-11 10:35;0;0;"Reports: Trump Expected To Name #ExxonMobil CEO Tillerson As Secretary Of State . Read more: http:// owler.us/abWwjM $ XOM";;;#ExxonMobil;"807896637662076928";https://twitter.com/oilgas_refmktg/status/807896637662076928
gas_utilities;2016-12-11 10:35;0;0;"Reports: Trump Expected To Name #ExxonMobil CEO Tillerson As Secretary Of State . Read more: http:// owler.us/abWwkD $ XOM";;;#ExxonMobil;"807896636638646273";https://twitter.com/gas_utilities/status/807896636638646273
oilgas_refmktg;2016-12-11 10:35;0;0;"Donald Trump likely to pick #ExxonMobil CEO as his Secretary of State. Read more: http:// owler.us/abWvMV $ XOM";;;#ExxonMobil;"807896480358875136";https://twitter.com/oilgas_refmktg/status/807896480358875136
gas_utilities;2016-12-11 10:35;0;0;"#ExxonMobil Donald Trump Expected To Name Exxon CEO Rex Tillerson As Secretary Of State. Read more: http:// owler.us/abWvNM $ XOM";;;#ExxonMobil;"807896479566151680";https://twitter.com/gas_utilities/status/807896479566151680
oilgas_refmktg;2016-12-11 10:34;0;0;"#ExxonMobil Trump Expected To Pick Exxon Chief Tillerson For Secretary Of State. Read more: http:// owler.us/abWuYG $ XOM";;;#ExxonMobil;"807896323449946112";https://twitter.com/oilgas_refmktg/status/807896323449946112
integrated_og;2016-12-11 10:34;0;0;"#ExxonMobil Trump Expected To Pick Exxon Chief Tillerson For Secretary Of State. Read more: http:// owler.us/abWuY5 $ XOM";;;#ExxonMobil;"807896323278000130";https://twitter.com/integrated_og/status/807896323278000130
gas_utilities;2016-12-11 10:34;0;0;"#ExxonMobil Trump Expected To Pick Exxon Chief Tillerson For Secretary Of State. Read more: http:// owler.us/abWuZc $ XOM";;;#ExxonMobil;"807896322007105536";https://twitter.com/gas_utilities/status/807896322007105536
PortfolioBuzz;2016-12-11 10:17;0;0;"Track trending assets in 1 watchlist #fintech $Blockchain $ XOM http://www. cityfalcon.com/watchlists?ass ets=%23fintech,$Blockchain,$XOM … pic.twitter.com/WHda2zgAsu";;;#fintech;"807892133923422208";https://twitter.com/PortfolioBuzz/status/807892133923422208
bratfaleansilvi;2016-12-11 09:54;0;0;"Trump to name Exxon CEO Secretary of State - NBC News http:// seekingalpha.com/news/3229855-t rump-name-exxon-ceo-secretary-state-nbc-news?source=tweet … $ XOM";;;;"807886371004289024";https://twitter.com/bratfaleansilvi/status/807886371004289024
PortfolioBuzz;2016-12-11 09:54;0;0;"See why these assets are trending in 1 watchlist #fintech $Blockchain $ ROSN $ XOM http://www. cityfalcon.com/watchlists?ass ets=%23fintech,$Blockchain,$ROSN,$XOM … pic.twitter.com/OcvSlpBi4S";;;#fintech;"807886367963443200";https://twitter.com/PortfolioBuzz/status/807886367963443200
PortfolioBuzz;2016-12-11 09:34;0;0;"Track trending assets in 1 watchlist #fintech $Blockchain $ ROSN $ XOM http://www. cityfalcon.com/watchlists?ass ets=%23fintech,$Blockchain,$ROSN,$XOM … pic.twitter.com/2NFK4yla8u";;;#fintech;"807881252774772736";https://twitter.com/PortfolioBuzz/status/807881252774772736
PortfolioBuzz;2016-12-11 09:17;0;0;"Tickers trending on TWTR in last 1 hour #fintech $Blockchain $ ROSN $ XOM http://www. cityfalcon.com/watchlists?ass ets=%23fintech,$Blockchain,$ROSN,$XOM … pic.twitter.com/0o7uIBWyBl";;;#fintech;"807876883497058305";https://twitter.com/PortfolioBuzz/status/807876883497058305
PortfolioBuzz;2016-12-11 08:58;0;0;"Gain from movement in these buzzing assets #fintech $Blockchain $ ROSN $ XOM http://www. cityfalcon.com/watchlists?ass ets=%23fintech,$Blockchain,$ROSN,$XOM … pic.twitter.com/An73wxksK8";;;#fintech;"807872057044271104";https://twitter.com/PortfolioBuzz/status/807872057044271104
stockrow1;2016-12-11 08:56;1;1;"$ XOM $ CVX $ COP debt is rising, but D/E ratios are still below 1 #oil #stocks #Chevron #ExxonMobil pic.twitter.com/6XfFjwPSrW";;;#oil #stocks #Chevron #ExxonMobil;"807871774650146816";https://twitter.com/stockrow1/status/807871774650146816
PortfolioBuzz;2016-12-11 08:42;0;0;"These assets are seeing a jump in tweets #fintech $Blockchain $ ROSN $ XOM http://www. cityfalcon.com/watchlists?ass ets=%23fintech,$Blockchain,$ROSN,$XOM … pic.twitter.com/zZ00YrLW6n";;;#fintech;"807868249555824640";https://twitter.com/PortfolioBuzz/status/807868249555824640
PortfolioBuzz;2016-12-11 08:08;0;0;"Track trending assets in 1 watchlist #fintech $Blockchain $ ROSN $ XOM http://www. cityfalcon.com/watchlists?ass ets=%23fintech,$Blockchain,$ROSN,$XOM … pic.twitter.com/NA5Fz2vTUZ";;;#fintech;"807859644580458496";https://twitter.com/PortfolioBuzz/status/807859644580458496
PennySilver1983;2016-12-11 08:05;0;0;"http:// smq.tc/1FVgP0a 7 free lessons from Multimillionaire Trader Tim Sykes! $ KO $ XOM $ WMT";;;;"807858948774604800";https://twitter.com/PennySilver1983/status/807858948774604800
SmallCaps33;2016-12-11 07:50;0;0;"http:// bit.ly/2frwTWo JBP student made more than $50K read his review to find out how! $ AMD $ XOM $ GILD $ FEYE";;;;"807855079067766784";https://twitter.com/SmallCaps33/status/807855079067766784
PortfolioBuzz;2016-12-11 07:45;0;0;"These assets are seeing a jump in tweets #fintech $Blockchain $ XOM http://www. cityfalcon.com/watchlists?ass ets=%23fintech,$Blockchain,$XOM … pic.twitter.com/nvdQxse7ya";;;#fintech;"807853888099516417";https://twitter.com/PortfolioBuzz/status/807853888099516417
eventstrendcom;2016-12-11 07:41;0;0;"SELL #Exxon Mobil Corporation, $ XOM . Target: 87.53 (-1.65%). http:// EventsTrend.com/index.php?r=se arch/view&id=1147 … #trading #stocks #investing";;;#Exxon #trading #stocks #investing;"807852674985037824";https://twitter.com/eventstrendcom/status/807852674985037824
RinoNewsdotcom;2016-12-11 07:37;0;0;"$ XOM is in 52 countries, many of them hellholes. #RexTillerson knows more about leaders of these countries than #CIA . He is a GREAT leader.";;;#RexTillerson #CIA;"807851795485773825";https://twitter.com/RinoNewsdotcom/status/807851795485773825
RinoNewsdotcom;2016-12-11 07:30;1;1;"If @SenJohnMcCain does not like #RexTillerson for #SecretaryofState then he must be a great choice. As CEO of $ XOM he knows how to cut costs https:// twitter.com/alcardfan/stat us/807772862098640896 …";;@SenJohnMcCain;#RexTillerson #SecretaryofState;"807850073300340736";https://twitter.com/RinoNewsdotcom/status/807850073300340736
PortfolioBuzz;2016-12-11 07:21;0;0;"Gain from movement in these buzzing assets #fintech $Blockchain $ XOM http://www. cityfalcon.com/watchlists?ass ets=%23fintech,$Blockchain,$XOM … pic.twitter.com/Ttz21wTeO0";;;#fintech;"807847704634265600";https://twitter.com/PortfolioBuzz/status/807847704634265600
PortfolioBuzz;2016-12-11 07:00;0;0;"These assets are seeing a jump in tweets #fintech $Blockchain $ XOM http://www. cityfalcon.com/watchlists?ass ets=%23fintech,$Blockchain,$XOM … pic.twitter.com/DykKkWujv9";;;#fintech;"807842550916718592";https://twitter.com/PortfolioBuzz/status/807842550916718592
PortfolioBuzz;2016-12-11 06:55;0;0;"Do you know everything while trading in $ DJIA $ CAT $ XOM $ GS http://www. cityfalcon.com/watchlists?nam e=Dow%20Jones%20Tracker … pic.twitter.com/tjn4e9q5XZ";;;;"807841222538694656";https://twitter.com/PortfolioBuzz/status/807841222538694656
TV_TradingIdeas;2016-12-11 06:55;0;0;"Exxon, the path to $100 $ XOM http://www. tradingview.com/chart/XOM/gGkH vXub-Exxon-the-path-to-100/ …";;;;"807841128288428032";https://twitter.com/TV_TradingIdeas/status/807841128288428032
PortfolioBuzz;2016-12-11 06:37;0;0;"See why these assets are trending in 1 watchlist #fintech $Blockchain $ XOM http://www. cityfalcon.com/watchlists?ass ets=%23fintech,$Blockchain,$XOM … pic.twitter.com/r25my0xXM7";;;#fintech;"807836647060631552";https://twitter.com/PortfolioBuzz/status/807836647060631552
1MinuteStock;2016-12-11 06:22;0;0;"Not sure what to do with $ XOM ? Explore our #fundamental pros and cons. https:// unicornbay.com/t/XOM.US?utm_m edium=tweet&utm_campaign=notsureproscons&utm_source=twitter …";;;#fundamental;"807832795355770880";https://twitter.com/1MinuteStock/status/807832795355770880
PortfolioBuzz;2016-12-11 06:21;0;0;"Track trending assets in 1 watchlist #fintech $Blockchain $ XOM http://www. cityfalcon.com/watchlists?ass ets=%23fintech,$Blockchain,$XOM … pic.twitter.com/cQNH52L2k7";;;#fintech;"807832669807513600";https://twitter.com/PortfolioBuzz/status/807832669807513600
TalkMarkets;2016-12-11 06:09;1;0;"The Stock Market Is Officially In Bubble Territory $ CAT $ GE $ KO $ XOM $ INTC $ MSFT $ FB $ SPX https:// goo.gl/Drqii9";;;;"807829528223436800";https://twitter.com/TalkMarkets/status/807829528223436800
ProVesting;2016-12-11 06:07;0;0;"$ CAT $ KO $ XOM : The Stock Market Is Officially In Bubble Territory (Video): http://www. StockNewsWires.com/2016/12/11/cat -ko-xom-the-stock-market-is-officially-in-bubble-territory-video/ …";;;;"807829024194097152";https://twitter.com/ProVesting/status/807829024194097152
1MinuteStock;2016-12-11 05:57;0;0;"Do you know that #WallStreet price for $ XOM is $88.14 https:// unicornbay.com/t/XOM.US?utm_m edium=tweet&utm_campaign=wallstreet&utm_source=twitter …";;;#WallStreet;"807826507171266560";https://twitter.com/1MinuteStock/status/807826507171266560
finzine;2016-12-11 05:50;0;0;"$ XOM Critics ask if Tillerson can turn from corporate to national interest http:// finance.yahoo.com/news/critics-a sk-tillerson-turn-corporate-044457300.html …";;;;"807824910647259136";https://twitter.com/finzine/status/807824910647259136
PortfolioBuzz;2016-12-11 05:37;0;0;"Gain from movement in these buzzing assets #fintech $Blockchain $ XOM http://www. cityfalcon.com/watchlists?ass ets=%23fintech,$Blockchain,$XOM … pic.twitter.com/o4XOtBKP8j";;;#fintech;"807821649265512448";https://twitter.com/PortfolioBuzz/status/807821649265512448
PortfolioBuzz;2016-12-11 05:16;0;0;"These assets are seeing a jump in tweets #fintech $Blockchain $ XOM http://www. cityfalcon.com/watchlists?ass ets=%23fintech,$Blockchain,$XOM … pic.twitter.com/QovIIebcf1";;;#fintech;"807816232670003201";https://twitter.com/PortfolioBuzz/status/807816232670003201
blkchninstitute;2016-12-11 04:54;0;1;"Gain from movement in these buzzing assets #fiercetech $Beyoncé $ XOM http://www. cityfalcon.com/watchlists?ass ets=%23fintech,$Blockchain,$XOM … pic.twitter.com/EIjREUloa2";;;#fiercetech;"807810869002375169";https://twitter.com/blkchninstitute/status/807810869002375169
PortfolioBuzz;2016-12-11 04:52;0;1;"Gain from movement in these buzzing assets #fintech $Blockchain $ XOM http://www. cityfalcon.com/watchlists?ass ets=%23fintech,$Blockchain,$XOM … pic.twitter.com/TAsivxJFep";;;#fintech;"807810384488988672";https://twitter.com/PortfolioBuzz/status/807810384488988672
PortfolioBuzz;2016-12-11 04:28;0;0;"These assets are seeing a jump in tweets #fintech $Blockchain $ XOM http://www. cityfalcon.com/watchlists?ass ets=%23fintech,$Blockchain,$XOM … pic.twitter.com/dVYqX8DpjV";;;#fintech;"807804117410267136";https://twitter.com/PortfolioBuzz/status/807804117410267136
nycwildlife;2016-12-11 04:24;1;1;"So is the nominated Secretary of State's relationship with Putin. $ XOM";;;;"807803301278416896";https://twitter.com/nycwildlife/status/807803301278416896
PortfolioBuzz;2016-12-11 04:12;0;0;"See why these assets are trending in 1 watchlist #fintech $Blockchain $ XOM http://www. cityfalcon.com/watchlists?ass ets=%23fintech,$Blockchain,$XOM … pic.twitter.com/VmwHTyccxx";;;#fintech;"807800198567260160";https://twitter.com/PortfolioBuzz/status/807800198567260160
EPRINC_MPyziur;2016-12-11 03:53;0;0;". @CondoleezzaRice & X #SecDef Gates set this one up. http://www. politico.com/blogs/donald-t rump-administration/2016/12/rex-tillerson-exxonmobil-secretary-state-232455 … #SecretaryOfState $ XOM pic.twitter.com/RZZTNdme8E";;@CondoleezzaRice;#SecDef #SecretaryOfState;"807795344310419456";https://twitter.com/EPRINC_MPyziur/status/807795344310419456
realwillmeade;2016-12-11 03:41;1;10;"Folks big things week next week, live conference call, launch of optionwhale premium $ NFLX $ AMZN $ FB $ AAPL $ SHAK $ GRUB $ GOOG $ XOM Email me";;;;"807792452736323584";https://twitter.com/realwillmeade/status/807792452736323584
PortfolioBuzz;2016-12-11 03:30;0;0;"Tickers trending on TWTR in last 1 hour #fintech $Blockchain $ XOM http://www. cityfalcon.com/watchlists?ass ets=%23fintech,$Blockchain,$XOM … pic.twitter.com/gyWbNRGdNS";;;#fintech;"807789557009838080";https://twitter.com/PortfolioBuzz/status/807789557009838080
senko;2016-12-11 03:25;0;0;"кого Путин награждал - это вообще не аргумент. $ XOM имеет торговые связи с РФ, а не лично Тиллерсон.";;;;"807788418532941824";https://twitter.com/senko/status/807788418532941824
androsForm;2016-12-11 03:11;22;14;"$ XOM yeah we got a ripper on our hands. https://www. tradingview.com/x/vpm0pmCA/ fairly conservative $93.5-$94ish open $ BP $ CVX $ OXY etc. should pop too.";;;;"807784868511944704";https://twitter.com/androsForm/status/807784868511944704
PortfolioBuzz;2016-12-11 03:08;0;0;"See why these assets are trending in 1 watchlist #fintech $Blockchain $ XOM http://www. cityfalcon.com/watchlists?ass ets=%23fintech,$Blockchain,$XOM … pic.twitter.com/n9j6FZOmcH";;;#fintech;"807784063755055104";https://twitter.com/PortfolioBuzz/status/807784063755055104
FedTaxes;2016-12-11 03:01;0;0;"@RichardRubinDC it is $ XOM so I think it's safe to assume he has a gain in it.";;@RichardRubinDC;;"807782260619571200";https://twitter.com/FedTaxes/status/807782260619571200
PortfolioBuzz;2016-12-11 02:51;0;0;"Track trending assets in 1 watchlist #fintech $ AAPL $Blockchain $ XOM http://www. cityfalcon.com/watchlists?ass ets=%23fintech,$AAPL,$Blockchain,$XOM … pic.twitter.com/MMbnMC9isP";;;#fintech;"807779937935618048";https://twitter.com/PortfolioBuzz/status/807779937935618048
gas_utilities;2016-12-11 02:50;0;0;"#ExxonMobil ExxonMobil CEO is Trump's top pick for secretary of state: Reports. Read more: http:// owler.us/abWtvI $ XOM";;;#ExxonMobil;"807779492252913664";https://twitter.com/gas_utilities/status/807779492252913664
integrated_og;2016-12-11 02:50;0;0;"#ExxonMobil ExxonMobil CEO is Trump's top pick for secretary of state: Reports. Read more: http:// owler.us/abWtvC $ XOM";;;#ExxonMobil;"807779492248702976";https://twitter.com/integrated_og/status/807779492248702976
oilgas_refmktg;2016-12-11 02:50;0;0;"#ExxonMobil ExxonMobil CEO is Trump's top pick for secretary of state: Reports. Read more: http:// owler.us/abWtu8 $ XOM";;;#ExxonMobil;"807779492240338944";https://twitter.com/oilgas_refmktg/status/807779492240338944
gas_utilities;2016-12-11 02:49;0;0;"#ExxonMobil Trump expected to pick ExxonMobil CEO Tillerson as secretary of state. Read more: http:// owler.us/abWtvL $ XOM";;;#ExxonMobil;"807779337013338112";https://twitter.com/gas_utilities/status/807779337013338112
integrated_og;2016-12-11 02:49;0;0;"#ExxonMobil Trump expected to pick ExxonMobil CEO Tillerson as secretary of state. Read more: http:// owler.us/abWtvG $ XOM";;;#ExxonMobil;"807779337000755200";https://twitter.com/integrated_og/status/807779337000755200
oilgas_refmktg;2016-12-11 02:49;0;0;"#ExxonMobil Trump makes pick for secretary of state. Read more: http:// owler.us/abWtu9 $ XOM";;;#ExxonMobil;"807779336925298688";https://twitter.com/oilgas_refmktg/status/807779336925298688
gas_utilities;2016-12-11 02:48;0;0;"#ExxonMobil Trump makes pick for secretary of state. Read more: http:// owler.us/abWtvK $ XOM";;;#ExxonMobil;"807779181870206976";https://twitter.com/gas_utilities/status/807779181870206976
integrated_og;2016-12-11 02:48;0;0;"#ExxonMobil Trump makes pick for secretary of state. Read more: http:// owler.us/abWtvF $ XOM";;;#ExxonMobil;"807779181668859904";https://twitter.com/integrated_og/status/807779181668859904
oilgas_refmktg;2016-12-11 02:48;0;0;"#ExxonMobil Trump expected to pick ExxonMobil CEO Tillerson as secretary of state. Read more: http:// owler.us/abWtu6 $ XOM";;;#ExxonMobil;"807779181610139648";https://twitter.com/oilgas_refmktg/status/807779181610139648
gas_utilities;2016-12-11 02:48;0;0;"#ExxonMobil Exxon's Rex Tillerson Is Top Candidate for Secretary of State -- Update. Read more: http:// owler.us/abWtvO $ XOM";;;#ExxonMobil;"807779026374828032";https://twitter.com/gas_utilities/status/807779026374828032
oilgas_refmktg;2016-12-11 02:48;0;0;"#ExxonMobil Exxon's Rex Tillerson Is Top Candidate for Secretary of State -- Update. Read more: http:// owler.us/abWtu7 $ XOM";;;#ExxonMobil;"807779026311921664";https://twitter.com/oilgas_refmktg/status/807779026311921664
integrated_og;2016-12-11 02:48;0;0;"#ExxonMobil Exxon's Rex Tillerson Is Top Candidate for Secretary of State -- Update. Read more: http:// owler.us/abWtvH $ XOM";;;#ExxonMobil;"807779026295136256";https://twitter.com/integrated_og/status/807779026295136256
1MinuteStock;2016-12-11 02:42;0;0;"Unicorn Bay rating for $ XOM is 1.98 out of 5. https:// unicornbay.com/t/XOM.US?utm_m edium=tweet&utm_campaign=rank&utm_source=twitter …";;;;"807777433822883840";https://twitter.com/1MinuteStock/status/807777433822883840
KenFaulkenberry;2016-12-11 02:41;0;0;"$ XOM #Dividend #Aristocrat Exxon Mobil Stock Analysis => http:// dividendvaluebuilder.com/exxon-mobil-xo m-dividend-stock-analysis/ … via @KenFaulkenberry #energy #oil #gas #investing pic.twitter.com/kisTuXyYaW";;@KenFaulkenberry;#Dividend #Aristocrat #energy #oil #gas #investing;"807777413212016640";https://twitter.com/KenFaulkenberry/status/807777413212016640
Ro_Patel;2016-12-11 02:37;1;1;"New Sec of State & ex-CEO of Exxon Rex Tillerson to divest all of 2.5M $ XOM shares tax-free (1.8M aren't vested) - #MAGA #DrainTheSwamp #tax";;;#MAGA #DrainTheSwamp #tax;"807776352623558661";https://twitter.com/Ro_Patel/status/807776352623558661
PortfolioBuzz;2016-12-11 02:36;0;0;"Highest scoring stories for #SP500 under one watchlist $ AAPL $ WFC $ XOM http://www. cityfalcon.com/watchlists?nam e=S%26P%20500%20Tracker … > pic.twitter.com/Nzj7ef0H0E";;;#SP500;"807776037459427328";https://twitter.com/PortfolioBuzz/status/807776037459427328
PATRICIAHALOW;2016-12-11 02:33;0;0;"Tell @SenatorTomUdall @SenatorHeitkamp @MarkWarnerVA @JeanneShaheen @CoreyBooker @alfranken 2 return $ XOM 's money http:// bit.ly/ThanksGiveItBa ck …";;@SenatorTomUdall @SenatorHeitkamp @MarkWarnerVA @JeanneShaheen @CoreyBooker @alfranken;;"807775265766211585";https://twitter.com/PATRICIAHALOW/status/807775265766211585
PortfolioBuzz;2016-12-11 02:27;0;0;"Tickers trending on TWTR in last 1 hour #fintech $Blockchain $ XOM http://www. cityfalcon.com/watchlists?ass ets=%23fintech,$Blockchain,$XOM … pic.twitter.com/SHkeOvC9Mo";;;#fintech;"807773707791990784";https://twitter.com/PortfolioBuzz/status/807773707791990784
TheUnicornBay;2016-12-11 02:26;0;0;"Wondering about #sentiment indicator for $ XOM ? The Short Ratio is 4% https:// unicornbay.com/t/XOM.US?utm_m edium=tweet&utm_campaign=shortratio&utm_source=twitter …";;;#sentiment;"807773406288560128";https://twitter.com/TheUnicornBay/status/807773406288560128
DStevems;2016-12-11 02:23;0;1;"$ xom is my largest holding and there is not a close second. Thrilled with Trumps Secretary of State pick.";;;;"807772666748878849";https://twitter.com/DStevems/status/807772666748878849
EarlyBirdAlert;2016-12-11 02:20;0;0;"Our $ XOM SmartTrack found : @TheDemocrats Exxon CEO Rex Tillerson as Secretary of State: close ties to P... #brokers https:// twitter.com/mktearlybird/s tatus/744498106528522240 …";;@TheDemocrats;#brokers;"807771952555376640";https://twitter.com/EarlyBirdAlert/status/807771952555376640
finzine;2016-12-11 02:17;0;0;"$ XOM Exxon CEO tipped to be US Sec of State http:// au.finance.yahoo.com/news/exxon-ceo -tipped-us-sec-020231565.html …";;;;"807771137266565128";https://twitter.com/finzine/status/807771137266565128
PortfolioBuzz;2016-12-11 02:05;0;0;"Gain from movement in these buzzing assets #fintech $Blockchain $ XOM http://www. cityfalcon.com/watchlists?ass ets=%23fintech,$Blockchain,$XOM … pic.twitter.com/RpyRNGg0Ps";;;#fintech;"807768157834383360";https://twitter.com/PortfolioBuzz/status/807768157834383360
_CardiacKid;2016-12-11 02:01;0;0;"$ XOM - Exxon's Rex Tillerson Is Top Candidate for Secretary of State -- Update http:// ih.advfn.com/p.php?pid=nmon a&article=73110319&adw=1126416 …";;;;"807767110533480448";https://twitter.com/_CardiacKid/status/807767110533480448
Sw1ng_Trader;2016-12-11 01:57;0;0;"http:// smq.tc/1GEVz5M <-- Here is my review of Super Alerts on @profitly stock picking service $ GASL $ OAS $ XOM $ IDTI";;@profitly;;"807766163086151681";https://twitter.com/Sw1ng_Trader/status/807766163086151681
optioncharts;2016-12-11 01:51;0;0;"$ XOM Max Pain is 87.50 for maturity 12/16/2016. Prev Close = 89.00. http:// bit.ly/2gNeb8U pic.twitter.com/FoqVO7k56S";;;;"807764722665725952";https://twitter.com/optioncharts/status/807764722665725952
PortfolioBuzz;2016-12-11 01:45;0;0;"These assets are seeing a jump in tweets #fintech $Blockchain $ XOM http://www. cityfalcon.com/watchlists?ass ets=%23fintech,$Blockchain,$XOM … pic.twitter.com/T3eGo2jsik";;;#fintech;"807763241472589824";https://twitter.com/PortfolioBuzz/status/807763241472589824
finzine;2016-12-11 01:32;0;0;"$ XOM 8 Reasons Exxon's Rex Tillerson Could Succeed As Secretary Of State http://www. forbes.com/sites/ellenrwa ld/2016/12/10/8-reasons-exxons-rex-tillerson-could-succeed-as-secretary-of-state/ …";;;;"807759999975981057";https://twitter.com/finzine/status/807759999975981057
1MinuteStock;2016-12-11 01:25;0;0;"Do you know that #Book Value for $ XOM is $41.14 https:// unicornbay.com/t/XOM.US?utm_m edium=tweet&utm_campaign=bookvalue&utm_source=twitter …";;;#Book;"807758053051432960";https://twitter.com/1MinuteStock/status/807758053051432960
PortfolioBuzz;2016-12-11 01:22;0;0;"Gain from movement in these buzzing assets #fintech $ AAPL $Blockchain $ XOM http://www. cityfalcon.com/watchlists?ass ets=%23fintech,$AAPL,$Blockchain,$XOM … pic.twitter.com/8aIvhHnWNv";;;#fintech;"807757404683247618";https://twitter.com/PortfolioBuzz/status/807757404683247618
EarlyBirdAlert;2016-12-11 01:20;0;0;"We find Tweets others miss for $ XOM : RT @wikileaks : 79 WikiLeaks documents on Trump's new Secret... #equityresearch https:// twitter.com/username/statu s/807701824539127809 …";;@wikileaks;#equityresearch;"807756917015740416";https://twitter.com/EarlyBirdAlert/status/807756917015740416
mercurytr;2016-12-11 01:17;0;0;"Trump to name Exxon CEO Secretary of State - NBC News $ XOM http://www. seekingalpha.com/news/3229855";;;;"807756192974073857";https://twitter.com/mercurytr/status/807756192974073857
oilgas_refmktg;2016-12-11 01:13;0;0;"#ExxonMobil Who is Rex Tillerson? Trump is reportedly picking ExxonMobil's CEO for secretary... Read more: http:// owler.us/abWsTA $ XOM";;;#ExxonMobil;"807755092472401920";https://twitter.com/oilgas_refmktg/status/807755092472401920
gas_utilities;2016-12-11 01:13;0;0;"#ExxonMobil Who is Rex Tillerson? Trump is reportedly picking ExxonMobil's CEO for secretary... Read more: http:// owler.us/abWsUd $ XOM";;;#ExxonMobil;"807755092434636800";https://twitter.com/gas_utilities/status/807755092434636800
gas_utilities;2016-12-11 01:12;0;0;"#ExxonMobil US President-elect Donald Trump likely to name Exxon CEO secretary of state: Sou... Read more: http:// owler.us/abWsUk $ XOM";;;#ExxonMobil;"807754937140510720";https://twitter.com/gas_utilities/status/807754937140510720
oilgas_refmktg;2016-12-11 01:12;0;0;"#ExxonMobil US President-elect Donald Trump likely to name Exxon CEO secretary of state: Sou... Read more: http:// owler.us/abWsTy $ XOM";;;#ExxonMobil;"807754937094455296";https://twitter.com/oilgas_refmktg/status/807754937094455296
integrated_og;2016-12-11 01:12;0;0;"#ExxonMobil US President-elect Donald Trump likely to name Exxon CEO secretary of state: Sou... Read more: http:// owler.us/abWsT4 $ XOM";;;#ExxonMobil;"807754781867577345";https://twitter.com/integrated_og/status/807754781867577345
gas_utilities;2016-12-11 01:12;0;0;"#ExxonMobil Who is Rex Tillerson? Trump is reportedly picking ExxonMobil's CEO for secretary... Read more: http:// owler.us/abWsUh $ XOM";;;#ExxonMobil;"807754781758353408";https://twitter.com/gas_utilities/status/807754781758353408
oilgas_refmktg;2016-12-11 01:12;0;0;"#ExxonMobil Who is Rex Tillerson? Trump is reportedly picking ExxonMobil's CEO for secretary... Read more: http:// owler.us/abWsTz $ XOM";;;#ExxonMobil;"807754781733232640";https://twitter.com/oilgas_refmktg/status/807754781733232640
oilgas_refmktg;2016-12-11 01:08;0;0;"Trump says #ExxonMobil CEO's MASSIVE DEALS with Russia make him MORE qualified for State Sec. Read more: http:// owler.us/abWsRC $ XOM";;;#ExxonMobil;"807753849805164544";https://twitter.com/oilgas_refmktg/status/807753849805164544
gas_utilities;2016-12-11 01:08;0;0;"Trump says #ExxonMobil CEO's MASSIVE DEALS with Russia make him MORE qualified for State Sec. Read more: http:// owler.us/abWsR2 $ XOM";;;#ExxonMobil;"807753849725337600";https://twitter.com/gas_utilities/status/807753849725337600
integrated_og;2016-12-11 01:08;0;0;"Trump says #ExxonMobil CEO's MASSIVE DEALS with Russia make him MORE qualified for State Sec. Read more: http:// owler.us/abWsRV $ XOM";;;#ExxonMobil;"807753849708515328";https://twitter.com/integrated_og/status/807753849708515328
gas_utilities;2016-12-11 01:05;0;0;"#ExxonMobil Green groups blast Trump's reported pick of Exxon CEO for State. Read more: http:// owler.us/abWsPI $ XOM";;;#ExxonMobil;"807753228565630976";https://twitter.com/gas_utilities/status/807753228565630976
integrated_og;2016-12-11 01:05;0;0;"#ExxonMobil Green groups blast Trump's reported pick of Exxon CEO for State. Read more: http:// owler.us/abWsPw $ XOM";;;#ExxonMobil;"807753228439797760";https://twitter.com/integrated_og/status/807753228439797760
oilgas_refmktg;2016-12-11 01:05;0;0;"Rex Tillerson, #ExxonMobil CEO, is Trump's pick for secretary of state, reports say. Read more: http:// owler.us/abWsO3 $ XOM";;;#ExxonMobil;"807753228351717376";https://twitter.com/oilgas_refmktg/status/807753228351717376
gas_utilities;2016-12-11 01:05;0;0;"Rex Tillerson, #ExxonMobil CEO, is Trump's pick for secretary of state, reports say. Read more: http:// owler.us/abWsPM $ XOM";;;#ExxonMobil;"807753073086996480";https://twitter.com/gas_utilities/status/807753073086996480
integrated_og;2016-12-11 01:05;0;0;"Rex Tillerson, #ExxonMobil CEO, is Trump's pick for secretary of state, reports say. Read more: http:// owler.us/abWsPv $ XOM";;;#ExxonMobil;"807753073074446336";https://twitter.com/integrated_og/status/807753073074446336
oilgas_refmktg;2016-12-11 01:05;0;0;"#ExxonMobil Green groups blast Trump's reported pick of Exxon CEO for State. Read more: http:// owler.us/abWsO1 $ XOM";;;#ExxonMobil;"807753073019920384";https://twitter.com/oilgas_refmktg/status/807753073019920384
gas_utilities;2016-12-11 01:04;0;0;"SEE YA MITT! TRUMP Reportedly Chooses #ExxonMobil CEO Rex Tillerson For Sec Of State. Read more: http:// owler.us/abWsPT $ XOM";;;#ExxonMobil;"807752917738344448";https://twitter.com/gas_utilities/status/807752917738344448
oilgas_refmktg;2016-12-11 01:04;0;0;"SEE YA MITT! TRUMP Reportedly Chooses #ExxonMobil CEO Rex Tillerson For Sec Of State. Read more: http:// owler.us/abWsOZ $ XOM";;;#ExxonMobil;"807752917679640576";https://twitter.com/oilgas_refmktg/status/807752917679640576
integrated_og;2016-12-11 01:04;0;0;"SEE YA MITT! TRUMP Reportedly Chooses #ExxonMobil CEO Rex Tillerson For Sec Of State. Read more: http:// owler.us/abWsPx $ XOM";;;#ExxonMobil;"807752917675483137";https://twitter.com/integrated_og/status/807752917675483137
PortfolioBuzz;2016-12-11 01:01;0;0;"These assets are seeing a jump in tweets #fintech $ AAPL $Blockchain $ XOM http://www. cityfalcon.com/watchlists?ass ets=%23fintech,$AAPL,$Blockchain,$XOM … pic.twitter.com/AbycT9VdU9";;;#fintech;"807752177087315969";https://twitter.com/PortfolioBuzz/status/807752177087315969
gas_utilities;2016-12-11 00:54;0;0;"#ExxonMobil Trump expected to tap Exxon's Tillerson for State, even as Russia ties raise con... Read more: http:// owler.us/abWsKM $ XOM";;;#ExxonMobil;"807750276912467969";https://twitter.com/gas_utilities/status/807750276912467969
integrated_og;2016-12-11 00:54;0;0;"#ExxonMobil Trump expected to tap Exxon's Tillerson for State, even as Russia ties raise con... Read more: http:// owler.us/abWsKG $ XOM";;;#ExxonMobil;"807750276744552448";https://twitter.com/integrated_og/status/807750276744552448
oilgas_refmktg;2016-12-11 00:54;0;0;"#ExxonMobil Trump expected to tap Exxon's Tillerson to lead State Dept. Read more: http:// owler.us/abWsKw $ XOM";;;#ExxonMobil;"807750276710969344";https://twitter.com/oilgas_refmktg/status/807750276710969344
oilgas_refmktg;2016-12-11 00:53;0;0;"#ExxonMobil Trump expected to tap Exxon's Tillerson for State, even as Russia ties raise con... Read more: http:// owler.us/abWsKv $ XOM";;;#ExxonMobil;"807750121395916800";https://twitter.com/oilgas_refmktg/status/807750121395916800
ETFGodfather;2016-12-11 00:44;0;2;"I love these tweets getting after Tillerson for owning $ XOM shares. He's the f'ing CEO. What do you expect? Think (if you can), then tweet.";;;;"807747971081113601";https://twitter.com/ETFGodfather/status/807747971081113601
PortfolioBuzz;2016-12-11 00:44;0;0;"Tickers trending on TWTR in last 1 hour #fintech $ AAPL $Blockchain $ RIO $ XOM http://www. cityfalcon.com/watchlists?ass ets=%23fintech,$AAPL,$Blockchain,$RIO,$XOM … pic.twitter.com/0WW7FajPvu";;;#fintech;"807747800238878720";https://twitter.com/PortfolioBuzz/status/807747800238878720
MildredHerbert5;2016-12-11 00:44;0;0;"How Exxon's CEO ended up on the side of plaintiffs concerned about fracking $ XOM http:// ln.is/www.wsj.com/ar ticles/vfwO6 … via @WSJ";;@WSJ;;"807747796858261504";https://twitter.com/MildredHerbert5/status/807747796858261504
kidkapital;2016-12-11 00:42;0;1;"And $ XOM is still trading at 40+ times earnings ¯\_(ツ)_/¯ https:// twitter.com/MarkRuffalo/st atus/807724717213970437 …";;;;"807747429147807744";https://twitter.com/kidkapital/status/807747429147807744
klastastic;2016-12-11 00:41;0;0;"Thankfully he will divest of his sizable $ xom shares so he won't be conflicted... https:// twitter.com/tedfrank/statu s/807746604446969856 …";;;;"807747088352182272";https://twitter.com/klastastic/status/807747088352182272
tedfrank;2016-12-11 00:39;2;3;"Tillerson exercising his fiduciary duties to $ XOM shareholders doesn't necessarily tell us what he'd do at State. Important to find out. https:// twitter.com/hotlinejosh/st atus/807743934759845892 …";;;;"807746604446969856";https://twitter.com/tedfrank/status/807746604446969856
ChrisDeMuthJr;2016-12-11 00:32;2;0;"USMC + $ GS + $ XOM will cause hyperventilating but not bad for getting stuff done. @realDonaldTrump #MAGA ? So far so good @mitchellvii , no? pic.twitter.com/gBwyLQWYob";;@realDonaldTrump @mitchellvii;#MAGA;"807744748786163712";https://twitter.com/ChrisDeMuthJr/status/807744748786163712
PortfolioBuzz;2016-12-11 00:24;0;0;"Gain from movement in these buzzing assets $ AAPL $Blockchain $ GM $ ROSN $ XOM http://www. cityfalcon.com/watchlists?ass ets=$AAPL,$Blockchain,$GM,$ROSN,$XOM … pic.twitter.com/KVHEXnqVwG";;;;"807742830949072896";https://twitter.com/PortfolioBuzz/status/807742830949072896
oilgas_refmktg;2016-12-11 00:22;0;0;"#ExxonMobil Trump expected to tap Exxon's Tillerson to lead State Dept. Read more: http:// owler.us/abWswv $ XOM";;;#ExxonMobil;"807742308120547330";https://twitter.com/oilgas_refmktg/status/807742308120547330
gas_utilities;2016-12-11 00:18;0;0;"#ExxonMobil Tillerson is top contender for secretary of state, source says. Read more: http:// owler.us/abWssh $ XOM";;;#ExxonMobil;"807741220181028864";https://twitter.com/gas_utilities/status/807741220181028864
integrated_og;2016-12-11 00:18;0;0;"#ExxonMobil Tillerson is top contender for secretary of state, source says. Read more: http:// owler.us/abWsrX $ XOM";;;#ExxonMobil;"807741220168417281";https://twitter.com/integrated_og/status/807741220168417281
oilgas_refmktg;2016-12-11 00:18;0;0;"#ExxonMobil Tillerson is top contender for secretary of state, source says. Read more: http:// owler.us/abWsru $ XOM";;;#ExxonMobil;"807741220160086017";https://twitter.com/oilgas_refmktg/status/807741220160086017
gas_utilities;2016-12-11 00:13;0;0;"#ExxonMobil Trump expected to tap Exxon's Tillerson to lead State Dept. Read more: http:// owler.us/abWr8Z $ XOM";;;#ExxonMobil;"807739977341599744";https://twitter.com/gas_utilities/status/807739977341599744
oilgas_refmktg;2016-12-11 00:13;0;0;"#ExxonMobil Trump expected to tap Exxon's Tillerson to lead State Dept. Read more: http:// owler.us/abWr7N $ XOM";;;#ExxonMobil;"807739977320644609";https://twitter.com/oilgas_refmktg/status/807739977320644609
integrated_og;2016-12-11 00:13;0;0;"#ExxonMobil Trump expected to tap Exxon's Tillerson to lead State Dept. Read more: http:// owler.us/abWr8g $ XOM";;;#ExxonMobil;"807739977316507649";https://twitter.com/integrated_og/status/807739977316507649
gas_utilities;2016-12-11 00:12;0;0;"#ExxonMobil Trump expected to tap Exxon's Rex Tillerson for security of state post. Read more: http:// owler.us/abWr83 $ XOM";;;#ExxonMobil;"807739822043299840";https://twitter.com/gas_utilities/status/807739822043299840
integrated_og;2016-12-11 00:12;0;0;"#ExxonMobil Trump expected to tap Exxon's Rex Tillerson for security of state post. Read more: http:// owler.us/abWr8A $ XOM";;;#ExxonMobil;"807739821955293184";https://twitter.com/integrated_og/status/807739821955293184
oilgas_refmktg;2016-12-11 00:12;0;0;"#ExxonMobil Trump expected to tap Exxon's Rex Tillerson for security of state post. Read more: http:// owler.us/abWr7M $ XOM";;;#ExxonMobil;"807739821946912768";https://twitter.com/oilgas_refmktg/status/807739821946912768
MarketsRecap;2016-12-11 00:09;1;0;"The Stock Market Is Officially In Bubble Territory $ CAT $ GE $ KO $ XOM $ INTC $ MSFT $ FB $ SPX https:// goo.gl/Drqii9";;;;"807738933715042304";https://twitter.com/MarketsRecap/status/807738933715042304
PortfolioBuzz;2016-12-11 00:05;0;0;"These assets are seeing a jump in tweets $ AAPL $Blockchain $ GM $ ROSN $ XOM http://www. cityfalcon.com/watchlists?ass ets=$AAPL,$Blockchain,$GM,$ROSN,$XOM … pic.twitter.com/YcdjgBEW76";;;;"807738163531657218";https://twitter.com/PortfolioBuzz/status/807738163531657218
russellgold;2016-12-11 00:05;4;6;"My inbox is filled with emails that assume Rex Tillerson as SoS will be identical to Rex T as $ XOM CEO. I’m not convinced.";;;;"807737958577086464";https://twitter.com/russellgold/status/807737958577086464
FinInvTr;2016-12-11 00:01;0;0;"Trump Names ExxonMobil CEO Rex Tillerson to Secretary of State Job $ XOM $ CVX $ BP $ RDS.A $ RDS.B https:// buckley.whotrades.com/blog/437821653 58 …";;;;"807737038418100224";https://twitter.com/FinInvTr/status/807737038418100224